Vertex Count: 1344

Data:

-1.4645 3.5355 -9.2388 0.0625 0.125 -0.0388 0.1949 -0.98
-0 3.8268 -9.2388 0 0.125 -0.0388 0.1949 -0.98
0 0 -10 0 0 -0.0388 0.1949 -0.98
-2.706 2.706 -9.2388 0.125 0.125 -0.1104 0.1653 -0.98
-1.4645 3.5355 -9.2388 0.0625 0.125 -0.1104 0.1653 -0.98
0 0 -10 0.0625 0 -0.1104 0.1653 -0.98
-3.5355 1.4645 -9.2388 0.1875 0.125 -0.1653 0.1104 -0.98
-2.706 2.706 -9.2388 0.125 0.125 -0.1653 0.1104 -0.98
0 0 -10 0.125 0 -0.1653 0.1104 -0.98
-3.8268 0 -9.2388 0.25 0.125 -0.1949 0.0388 -0.98
-3.5355 1.4645 -9.2388 0.1875 0.125 -0.1949 0.0388 -0.98
0 0 -10 0.1875 0 -0.1949 0.0388 -0.98
-3.5355 -1.4645 -9.2388 0.3125 0.125 -0.1949 -0.0388 -0.98
-3.8268 0 -9.2388 0.25 0.125 -0.1949 -0.0388 -0.98
0 0 -10 0.25 0 -0.1949 -0.0388 -0.98
-2.706 -2.706 -9.2388 0.375 0.125 -0.1653 -0.1104 -0.98
-3.5355 -1.4645 -9.2388 0.3125 0.125 -0.1653 -0.1104 -0.98
0 0 -10 0.3125 0 -0.1653 -0.1104 -0.98
-1.4645 -3.5355 -9.2388 0.4375 0.125 -0.1104 -0.1653 -0.98
-2.706 -2.706 -9.2388 0.375 0.125 -0.1104 -0.1653 -0.98
0 0 -10 0.375 0 -0.1104 -0.1653 -0.98
0 -3.8268 -9.2388 0.5 0.125 -0.0388 -0.1949 -0.98
-1.4645 -3.5355 -9.2388 0.4375 0.125 -0.0388 -0.1949 -0.98
0 0 -10 0.4375 0 -0.0388 -0.1949 -0.98
1.4645 -3.5355 -9.2388 0.5625 0.125 0.0388 -0.1949 -0.98
0 -3.8268 -9.2388 0.5 0.125 0.0388 -0.1949 -0.98
0 0 -10 0.5 0 0.0388 -0.1949 -0.98
2.706 -2.706 -9.2388 0.625 0.125 0.1104 -0.1653 -0.98
1.4645 -3.5355 -9.2388 0.5625 0.125 0.1104 -0.1653 -0.98
0 0 -10 0.5625 0 0.1104 -0.1653 -0.98
3.5355 -1.4645 -9.2388 0.6875 0.125 0.1653 -0.1104 -0.98
2.706 -2.706 -9.2388 0.625 0.125 0.1653 -0.1104 -0.98
0 0 -10 0.625 0 0.1653 -0.1104 -0.98
3.8268 0 -9.2388 0.75 0.125 0.1949 -0.0388 -0.98
3.5355 -1.4645 -9.2388 0.6875 0.125 0.1949 -0.0388 -0.98
0 0 -10 0.6875 0 0.1949 -0.0388 -0.98
3.5355 1.4645 -9.2388 0.8125 0.125 0.1949 0.0388 -0.98
3.8268 0 -9.2388 0.75 0.125 0.1949 0.0388 -0.98
0 0 -10 0.75 0 0.1949 0.0388 -0.98
2.706 2.706 -9.2388 0.875 0.125 0.1653 0.1104 -0.98
3.5355 1.4645 -9.2388 0.8125 0.125 0.1653 0.1104 -0.98
0 0 -10 0.8125 0 0.1653 0.1104 -0.98
1.4645 3.5355 -9.2388 0.9375 0.125 0.1104 0.1653 -0.98
2.706 2.706 -9.2388 0.875 0.125 0.1104 0.1653 -0.98
0 0 -10 0.875 0 0.1104 0.1653 -0.98
-0 3.8268 -9.2388 1 0.125 0.0388 0.1949 -0.98
1.4645 3.5355 -9.2388 0.9375 0.125 0.0388 0.1949 -0.98
0 0 -10 0.9375 0 0.0388 0.1949 -0.98
-2.706 6.5328 -7.0711 0.0625 0.25 -0.1098 0.5522 -0.8264
-0 7.0711 -7.0711 0 0.25 -0.1098 0.5522 -0.8264
-0 3.8268 -9.2388 0 0.125 -0.1098 0.5522 -0.8264
-1.4645 3.5355 -9.2388 0.0625 0.125 -0.1098 0.5522 -0.8264
-2.706 6.5328 -7.0711 0.0625 0.25 -0.1098 0.5522 -0.8264
-0 3.8268 -9.2388 0 0.125 -0.1098 0.5522 -0.8264
-5 5 -7.0711 0.125 0.25 -0.3128 0.4681 -0.8264
-2.706 6.5328 -7.0711 0.0625 0.25 -0.3128 0.4681 -0.8264
-1.4645 3.5355 -9.2388 0.0625 0.125 -0.3128 0.4681 -0.8264
-2.706 2.706 -9.2388 0.125 0.125 -0.3128 0.4681 -0.8264
-5 5 -7.0711 0.125 0.25 -0.3128 0.4681 -0.8264
-1.4645 3.5355 -9.2388 0.0625 0.125 -0.3128 0.4681 -0.8264
-6.5328 2.706 -7.0711 0.1875 0.25 -0.4681 0.3128 -0.8264
-5 5 -7.0711 0.125 0.25 -0.4681 0.3128 -0.8264
-2.706 2.706 -9.2388 0.125 0.125 -0.4681 0.3128 -0.8264
-3.5355 1.4645 -9.2388 0.1875 0.125 -0.4681 0.3128 -0.8264
-6.5328 2.706 -7.0711 0.1875 0.25 -0.4681 0.3128 -0.8264
-2.706 2.706 -9.2388 0.125 0.125 -0.4681 0.3128 -0.8264
-7.0711 0 -7.0711 0.25 0.25 -0.5522 0.1098 -0.8264
-6.5328 2.706 -7.0711 0.1875 0.25 -0.5522 0.1098 -0.8264
-3.5355 1.4645 -9.2388 0.1875 0.125 -0.5522 0.1098 -0.8264
-3.8268 0 -9.2388 0.25 0.125 -0.5522 0.1098 -0.8264
-7.0711 0 -7.0711 0.25 0.25 -0.5522 0.1098 -0.8264
-3.5355 1.4645 -9.2388 0.1875 0.125 -0.5522 0.1098 -0.8264
-6.5328 -2.706 -7.0711 0.3125 0.25 -0.5522 -0.1098 -0.8264
-7.0711 0 -7.0711 0.25 0.25 -0.5522 -0.1098 -0.8264
-3.8268 0 -9.2388 0.25 0.125 -0.5522 -0.1098 -0.8264
-3.5355 -1.4645 -9.2388 0.3125 0.125 -0.5522 -0.1098 -0.8264
-6.5328 -2.706 -7.0711 0.3125 0.25 -0.5522 -0.1098 -0.8264
-3.8268 0 -9.2388 0.25 0.125 -0.5522 -0.1098 -0.8264
-5 -5 -7.0711 0.375 0.25 -0.4681 -0.3128 -0.8264
-6.5328 -2.706 -7.0711 0.3125 0.25 -0.4681 -0.3128 -0.8264
-3.5355 -1.4645 -9.2388 0.3125 0.125 -0.4681 -0.3128 -0.8264
-2.706 -2.706 -9.2388 0.375 0.125 -0.4681 -0.3128 -0.8264
-5 -5 -7.0711 0.375 0.25 -0.4681 -0.3128 -0.8264
-3.5355 -1.4645 -9.2388 0.3125 0.125 -0.4681 -0.3128 -0.8264
-2.706 -6.5328 -7.0711 0.4375 0.25 -0.3128 -0.4681 -0.8264
-5 -5 -7.0711 0.375 0.25 -0.3128 -0.4681 -0.8264
-2.706 -2.706 -9.2388 0.375 0.125 -0.3128 -0.4681 -0.8264
-1.4645 -3.5355 -9.2388 0.4375 0.125 -0.3128 -0.4681 -0.8264
-2.706 -6.5328 -7.0711 0.4375 0.25 -0.3128 -0.4681 -0.8264
-2.706 -2.706 -9.2388 0.375 0.125 -0.3128 -0.4681 -0.8264
0 -7.0711 -7.0711 0.5 0.25 -0.1098 -0.5522 -0.8264
-2.706 -6.5328 -7.0711 0.4375 0.25 -0.1098 -0.5522 -0.8264
-1.4645 -3.5355 -9.2388 0.4375 0.125 -0.1098 -0.5522 -0.8264
0 -3.8268 -9.2388 0.5 0.125 -0.1098 -0.5522 -0.8264
0 -7.0711 -7.0711 0.5 0.25 -0.1098 -0.5522 -0.8264
-1.4645 -3.5355 -9.2388 0.4375 0.125 -0.1098 -0.5522 -0.8264
2.706 -6.5328 -7.0711 0.5625 0.25 0.1098 -0.5522 -0.8264
0 -7.0711 -7.0711 0.5 0.25 0.1098 -0.5522 -0.8264
0 -3.8268 -9.2388 0.5 0.125 0.1098 -0.5522 -0.8264
1.4645 -3.5355 -9.2388 0.5625 0.125 0.1098 -0.5522 -0.8264
2.706 -6.5328 -7.0711 0.5625 0.25 0.1098 -0.5522 -0.8264
0 -3.8268 -9.2388 0.5 0.125 0.1098 -0.5522 -0.8264
5 -5 -7.0711 0.625 0.25 0.3128 -0.4681 -0.8264
2.706 -6.5328 -7.0711 0.5625 0.25 0.3128 -0.4681 -0.8264
1.4645 -3.5355 -9.2388 0.5625 0.125 0.3128 -0.4681 -0.8264
2.706 -2.706 -9.2388 0.625 0.125 0.3128 -0.4681 -0.8264
5 -5 -7.0711 0.625 0.25 0.3128 -0.4681 -0.8264
1.4645 -3.5355 -9.2388 0.5625 0.125 0.3128 -0.4681 -0.8264
6.5328 -2.706 -7.0711 0.6875 0.25 0.4681 -0.3128 -0.8264
5 -5 -7.0711 0.625 0.25 0.4681 -0.3128 -0.8264
2.706 -2.706 -9.2388 0.625 0.125 0.4681 -0.3128 -0.8264
3.5355 -1.4645 -9.2388 0.6875 0.125 0.4681 -0.3128 -0.8264
6.5328 -2.706 -7.0711 0.6875 0.25 0.4681 -0.3128 -0.8264
2.706 -2.706 -9.2388 0.625 0.125 0.4681 -0.3128 -0.8264
7.0711 0 -7.0711 0.75 0.25 0.5522 -0.1098 -0.8264
6.5328 -2.706 -7.0711 0.6875 0.25 0.5522 -0.1098 -0.8264
3.5355 -1.4645 -9.2388 0.6875 0.125 0.5522 -0.1098 -0.8264
3.8268 0 -9.2388 0.75 0.125 0.5522 -0.1098 -0.8264
7.0711 0 -7.0711 0.75 0.25 0.5522 -0.1098 -0.8264
3.5355 -1.4645 -9.2388 0.6875 0.125 0.5522 -0.1098 -0.8264
6.5328 2.706 -7.0711 0.8125 0.25 0.5522 0.1098 -0.8264
7.0711 0 -7.0711 0.75 0.25 0.5522 0.1098 -0.8264
3.8268 0 -9.2388 0.75 0.125 0.5522 0.1098 -0.8264
3.5355 1.4645 -9.2388 0.8125 0.125 0.5522 0.1098 -0.8264
6.5328 2.706 -7.0711 0.8125 0.25 0.5522 0.1098 -0.8264
3.8268 0 -9.2388 0.75 0.125 0.5522 0.1098 -0.8264
5 5 -7.0711 0.875 0.25 0.4681 0.3128 -0.8264
6.5328 2.706 -7.0711 0.8125 0.25 0.4681 0.3128 -0.8264
3.5355 1.4645 -9.2388 0.8125 0.125 0.4681 0.3128 -0.8264
2.706 2.706 -9.2388 0.875 0.125 0.4681 0.3128 -0.8264
5 5 -7.0711 0.875 0.25 0.4681 0.3128 -0.8264
3.5355 1.4645 -9.2388 0.8125 0.125 0.4681 0.3128 -0.8264
2.706 6.5328 -7.0711 0.9375 0.25 0.3128 0.4681 -0.8264
5 5 -7.0711 0.875 0.25 0.3128 0.4681 -0.8264
2.706 2.706 -9.2388 0.875 0.125 0.3128 0.4681 -0.8264
1.4645 3.5355 -9.2388 0.9375 0.125 0.3128 0.4681 -0.8264
2.706 6.5328 -7.0711 0.9375 0.25 0.3128 0.4681 -0.8264
2.706 2.706 -9.2388 0.875 0.125 0.3128 0.4681 -0.8264
-0 7.0711 -7.0711 1 0.25 0.1098 0.5522 -0.8264
2.706 6.5328 -7.0711 0.9375 0.25 0.1098 0.5522 -0.8264
1.4645 3.5355 -9.2388 0.9375 0.125 0.1098 0.5522 -0.8264
-0 3.8268 -9.2388 1 0.125 0.1098 0.5522 -0.8264
-0 7.0711 -7.0711 1 0.25 0.1098 0.5522 -0.8264
1.4645 3.5355 -9.2388 0.9375 0.125 0.1098 0.5522 -0.8264
-3.5355 8.5355 -3.8268 0.0625 0.375 -0.1632 0.8203 -0.5481
-0 9.2388 -3.8268 0 0.375 -0.1632 0.8203 -0.5481
-0 7.0711 -7.0711 0 0.25 -0.1632 0.8203 -0.5481
-2.706 6.5328 -7.0711 0.0625 0.25 -0.1632 0.8203 -0.5481
-3.5355 8.5355 -3.8268 0.0625 0.375 -0.1632 0.8203 -0.5481
-0 7.0711 -7.0711 0 0.25 -0.1632 0.8203 -0.5481
-6.5328 6.5328 -3.8268 0.125 0.375 -0.4647 0.6954 -0.5481
-3.5355 8.5355 -3.8268 0.0625 0.375 -0.4647 0.6954 -0.5481
-2.706 6.5328 -7.0711 0.0625 0.25 -0.4647 0.6954 -0.5481
-5 5 -7.0711 0.125 0.25 -0.4647 0.6954 -0.5481
-6.5328 6.5328 -3.8268 0.125 0.375 -0.4647 0.6954 -0.5481
-2.706 6.5328 -7.0711 0.0625 0.25 -0.4647 0.6954 -0.5481
-8.5355 3.5355 -3.8268 0.1875 0.375 -0.6954 0.4647 -0.5481
-6.5328 6.5328 -3.8268 0.125 0.375 -0.6954 0.4647 -0.5481
-5 5 -7.0711 0.125 0.25 -0.6954 0.4647 -0.5481
-6.5328 2.706 -7.0711 0.1875 0.25 -0.6954 0.4647 -0.5481
-8.5355 3.5355 -3.8268 0.1875 0.375 -0.6954 0.4647 -0.5481
-5 5 -7.0711 0.125 0.25 -0.6954 0.4647 -0.5481
-9.2388 0 -3.8268 0.25 0.375 -0.8203 0.1632 -0.5481
-8.5355 3.5355 -3.8268 0.1875 0.375 -0.8203 0.1632 -0.5481
-6.5328 2.706 -7.0711 0.1875 0.25 -0.8203 0.1632 -0.5481
-7.0711 0 -7.0711 0.25 0.25 -0.8203 0.1632 -0.5481
-9.2388 0 -3.8268 0.25 0.375 -0.8203 0.1632 -0.5481
-6.5328 2.706 -7.0711 0.1875 0.25 -0.8203 0.1632 -0.5481
-8.5355 -3.5355 -3.8268 0.3125 0.375 -0.8203 -0.1632 -0.5481
-9.2388 0 -3.8268 0.25 0.375 -0.8203 -0.1632 -0.5481
-7.0711 0 -7.0711 0.25 0.25 -0.8203 -0.1632 -0.5481
-6.5328 -2.706 -7.0711 0.3125 0.25 -0.8203 -0.1632 -0.5481
-8.5355 -3.5355 -3.8268 0.3125 0.375 -0.8203 -0.1632 -0.5481
-7.0711 0 -7.0711 0.25 0.25 -0.8203 -0.1632 -0.5481
-6.5328 -6.5328 -3.8268 0.375 0.375 -0.6954 -0.4647 -0.5481
-8.5355 -3.5355 -3.8268 0.3125 0.375 -0.6954 -0.4647 -0.5481
-6.5328 -2.706 -7.0711 0.3125 0.25 -0.6954 -0.4647 -0.5481
-5 -5 -7.0711 0.375 0.25 -0.6954 -0.4647 -0.5481
-6.5328 -6.5328 -3.8268 0.375 0.375 -0.6954 -0.4647 -0.5481
-6.5328 -2.706 -7.0711 0.3125 0.25 -0.6954 -0.4647 -0.5481
-3.5355 -8.5355 -3.8268 0.4375 0.375 -0.4647 -0.6954 -0.5481
-6.5328 -6.5328 -3.8268 0.375 0.375 -0.4647 -0.6954 -0.5481
-5 -5 -7.0711 0.375 0.25 -0.4647 -0.6954 -0.5481
-2.706 -6.5328 -7.0711 0.4375 0.25 -0.4647 -0.6954 -0.5481
-3.5355 -8.5355 -3.8268 0.4375 0.375 -0.4647 -0.6954 -0.5481
-5 -5 -7.0711 0.375 0.25 -0.4647 -0.6954 -0.5481
0 -9.2388 -3.8268 0.5 0.375 -0.1632 -0.8203 -0.5481
-3.5355 -8.5355 -3.8268 0.4375 0.375 -0.1632 -0.8203 -0.5481
-2.706 -6.5328 -7.0711 0.4375 0.25 -0.1632 -0.8203 -0.5481
0 -7.0711 -7.0711 0.5 0.25 -0.1632 -0.8203 -0.5481
0 -9.2388 -3.8268 0.5 0.375 -0.1632 -0.8203 -0.5481
-2.706 -6.5328 -7.0711 0.4375 0.25 -0.1632 -0.8203 -0.5481
3.5355 -8.5355 -3.8268 0.5625 0.375 0.1632 -0.8203 -0.5481
0 -9.2388 -3.8268 0.5 0.375 0.1632 -0.8203 -0.5481
0 -7.0711 -7.0711 0.5 0.25 0.1632 -0.8203 -0.5481
2.706 -6.5328 -7.0711 0.5625 0.25 0.1632 -0.8203 -0.5481
3.5355 -8.5355 -3.8268 0.5625 0.375 0.1632 -0.8203 -0.5481
0 -7.0711 -7.0711 0.5 0.25 0.1632 -0.8203 -0.5481
6.5328 -6.5328 -3.8268 0.625 0.375 0.4647 -0.6954 -0.5481
3.5355 -8.5355 -3.8268 0.5625 0.375 0.4647 -0.6954 -0.5481
2.706 -6.5328 -7.0711 0.5625 0.25 0.4647 -0.6954 -0.5481
5 -5 -7.0711 0.625 0.25 0.4647 -0.6954 -0.5481
6.5328 -6.5328 -3.8268 0.625 0.375 0.4647 -0.6954 -0.5481
2.706 -6.5328 -7.0711 0.5625 0.25 0.4647 -0.6954 -0.5481
8.5355 -3.5355 -3.8268 0.6875 0.375 0.6954 -0.4647 -0.5481
6.5328 -6.5328 -3.8268 0.625 0.375 0.6954 -0.4647 -0.5481
5 -5 -7.0711 0.625 0.25 0.6954 -0.4647 -0.5481
6.5328 -2.706 -7.0711 0.6875 0.25 0.6954 -0.4647 -0.5481
8.5355 -3.5355 -3.8268 0.6875 0.375 0.6954 -0.4647 -0.5481
5 -5 -7.0711 0.625 0.25 0.6954 -0.4647 -0.5481
9.2388 0 -3.8268 0.75 0.375 0.8203 -0.1632 -0.5481
8.5355 -3.5355 -3.8268 0.6875 0.375 0.8203 -0.1632 -0.5481
6.5328 -2.706 -7.0711 0.6875 0.25 0.8203 -0.1632 -0.5481
7.0711 0 -7.0711 0.75 0.25 0.8203 -0.1632 -0.5481
9.2388 0 -3.8268 0.75 0.375 0.8203 -0.1632 -0.5481
6.5328 -2.706 -7.0711 0.6875 0.25 0.8203 -0.1632 -0.5481
8.5355 3.5355 -3.8268 0.8125 0.375 0.8203 0.1632 -0.5481
9.2388 0 -3.8268 0.75 0.375 0.8203 0.1632 -0.5481
7.0711 0 -7.0711 0.75 0.25 0.8203 0.1632 -0.5481
6.5328 2.706 -7.0711 0.8125 0.25 0.8203 0.1632 -0.5481
8.5355 3.5355 -3.8268 0.8125 0.375 0.8203 0.1632 -0.5481
7.0711 0 -7.0711 0.75 0.25 0.8203 0.1632 -0.5481
6.5328 6.5328 -3.8268 0.875 0.375 0.6954 0.4647 -0.5481
8.5355 3.5355 -3.8268 0.8125 0.375 0.6954 0.4647 -0.5481
6.5328 2.706 -7.0711 0.8125 0.25 0.6954 0.4647 -0.5481
5 5 -7.0711 0.875 0.25 0.6954 0.4647 -0.5481
6.5328 6.5328 -3.8268 0.875 0.375 0.6954 0.4647 -0.5481
6.5328 2.706 -7.0711 0.8125 0.25 0.6954 0.4647 -0.5481
3.5355 8.5355 -3.8268 0.9375 0.375 0.4647 0.6954 -0.5481
6.5328 6.5328 -3.8268 0.875 0.375 0.4647 0.6954 -0.5481
5 5 -7.0711 0.875 0.25 0.4647 0.6954 -0.5481
2.706 6.5328 -7.0711 0.9375 0.25 0.4647 0.6954 -0.5481
3.5355 8.5355 -3.8268 0.9375 0.375 0.4647 0.6954 -0.5481
5 5 -7.0711 0.875 0.25 0.4647 0.6954 -0.5481
-0 9.2388 -3.8268 1 0.375 0.1632 0.8203 -0.5481
3.5355 8.5355 -3.8268 0.9375 0.375 0.1632 0.8203 -0.5481
2.706 6.5328 -7.0711 0.9375 0.25 0.1632 0.8203 -0.5481
-0 7.0711 -7.0711 1 0.25 0.1632 0.8203 -0.5481
-0 9.2388 -3.8268 1 0.375 0.1632 0.8203 -0.5481
2.706 6.5328 -7.0711 0.9375 0.25 0.1632 0.8203 -0.5481
-3.8268 9.2388 0 0.0625 0.5 -0.1915 0.9626 -0.1915
-0 10 0 0 0.5 -0.1915 0.9626 -0.1915
-0 9.2388 -3.8268 0 0.375 -0.1915 0.9626 -0.1915
-3.5355 8.5355 -3.8268 0.0625 0.375 -0.1915 0.9626 -0.1915
-3.8268 9.2388 0 0.0625 0.5 -0.1915 0.9626 -0.1915
-0 9.2388 -3.8268 0 0.375 -0.1915 0.9626 -0.1915
-7.0711 7.0711 0 0.125 0.5 -0.5453 0.8161 -0.1915
-3.8268 9.2388 0 0.0625 0.5 -0.5453 0.8161 -0.1915
-3.5355 8.5355 -3.8268 0.0625 0.375 -0.5453 0.8161 -0.1915
-6.5328 6.5328 -3.8268 0.125 0.375 -0.5453 0.8161 -0.1915
-7.0711 7.0711 0 0.125 0.5 -0.5453 0.8161 -0.1915
-3.5355 8.5355 -3.8268 0.0625 0.375 -0.5453 0.8161 -0.1915
-9.2388 3.8268 0 0.1875 0.5 -0.8161 0.5453 -0.1915
-7.0711 7.0711 0 0.125 0.5 -0.8161 0.5453 -0.1915
-6.5328 6.5328 -3.8268 0.125 0.375 -0.8161 0.5453 -0.1915
-8.5355 3.5355 -3.8268 0.1875 0.375 -0.8161 0.5453 -0.1915
-9.2388 3.8268 0 0.1875 0.5 -0.8161 0.5453 -0.1915
-6.5328 6.5328 -3.8268 0.125 0.375 -0.8161 0.5453 -0.1915
-10 0 0 0.25 0.5 -0.9626 0.1915 -0.1915
-9.2388 3.8268 0 0.1875 0.5 -0.9626 0.1915 -0.1915
-8.5355 3.5355 -3.8268 0.1875 0.375 -0.9626 0.1915 -0.1915
-9.2388 0 -3.8268 0.25 0.375 -0.9626 0.1915 -0.1915
-10 0 0 0.25 0.5 -0.9626 0.1915 -0.1915
-8.5355 3.5355 -3.8268 0.1875 0.375 -0.9626 0.1915 -0.1915
-9.2388 -3.8268 0 0.3125 0.5 -0.9626 -0.1915 -0.1915
-10 0 0 0.25 0.5 -0.9626 -0.1915 -0.1915
-9.2388 0 -3.8268 0.25 0.375 -0.9626 -0.1915 -0.1915
-8.5355 -3.5355 -3.8268 0.3125 0.375 -0.9626 -0.1915 -0.1915
-9.2388 -3.8268 0 0.3125 0.5 -0.9626 -0.1915 -0.1915
-9.2388 0 -3.8268 0.25 0.375 -0.9626 -0.1915 -0.1915
-7.0711 -7.0711 0 0.375 0.5 -0.8161 -0.5453 -0.1915
-9.2388 -3.8268 0 0.3125 0.5 -0.8161 -0.5453 -0.1915
-8.5355 -3.5355 -3.8268 0.3125 0.375 -0.8161 -0.5453 -0.1915
-6.5328 -6.5328 -3.8268 0.375 0.375 -0.8161 -0.5453 -0.1915
-7.0711 -7.0711 0 0.375 0.5 -0.8161 -0.5453 -0.1915
-8.5355 -3.5355 -3.8268 0.3125 0.375 -0.8161 -0.5453 -0.1915
-3.8268 -9.2388 0 0.4375 0.5 -0.5453 -0.8161 -0.1915
-7.0711 -7.0711 0 0.375 0.5 -0.5453 -0.8161 -0.1915
-6.5328 -6.5328 -3.8268 0.375 0.375 -0.5453 -0.8161 -0.1915
-3.5355 -8.5355 -3.8268 0.4375 0.375 -0.5453 -0.8161 -0.1915
-3.8268 -9.2388 0 0.4375 0.5 -0.5453 -0.8161 -0.1915
-6.5328 -6.5328 -3.8268 0.375 0.375 -0.5453 -0.8161 -0.1915
0 -10 0 0.5 0.5 -0.1915 -0.9626 -0.1915
-3.8268 -9.2388 0 0.4375 0.5 -0.1915 -0.9626 -0.1915
-3.5355 -8.5355 -3.8268 0.4375 0.375 -0.1915 -0.9626 -0.1915
0 -9.2388 -3.8268 0.5 0.375 -0.1915 -0.9626 -0.1915
0 -10 0 0.5 0.5 -0.1915 -0.9626 -0.1915
-3.5355 -8.5355 -3.8268 0.4375 0.375 -0.1915 -0.9626 -0.1915
3.8268 -9.2388 0 0.5625 0.5 0.1915 -0.9626 -0.1915
0 -10 0 0.5 0.5 0.1915 -0.9626 -0.1915
0 -9.2388 -3.8268 0.5 0.375 0.1915 -0.9626 -0.1915
3.5355 -8.5355 -3.8268 0.5625 0.375 0.1915 -0.9626 -0.1915
3.8268 -9.2388 0 0.5625 0.5 0.1915 -0.9626 -0.1915
0 -9.2388 -3.8268 0.5 0.375 0.1915 -0.9626 -0.1915
7.0711 -7.0711 0 0.625 0.5 0.5453 -0.8161 -0.1915
3.8268 -9.2388 0 0.5625 0.5 0.5453 -0.8161 -0.1915
3.5355 -8.5355 -3.8268 0.5625 0.375 0.5453 -0.8161 -0.1915
6.5328 -6.5328 -3.8268 0.625 0.375 0.5453 -0.8161 -0.1915
7.0711 -7.0711 0 0.625 0.5 0.5453 -0.8161 -0.1915
3.5355 -8.5355 -3.8268 0.5625 0.375 0.5453 -0.8161 -0.1915
9.2388 -3.8268 0 0.6875 0.5 0.8161 -0.5453 -0.1915
7.0711 -7.0711 0 0.625 0.5 0.8161 -0.5453 -0.1915
6.5328 -6.5328 -3.8268 0.625 0.375 0.8161 -0.5453 -0.1915
8.5355 -3.5355 -3.8268 0.6875 0.375 0.8161 -0.5453 -0.1915
9.2388 -3.8268 0 0.6875 0.5 0.8161 -0.5453 -0.1915
6.5328 -6.5328 -3.8268 0.625 0.375 0.8161 -0.5453 -0.1915
10 0 0 0.75 0.5 0.9626 -0.1915 -0.1915
9.2388 -3.8268 0 0.6875 0.5 0.9626 -0.1915 -0.1915
8.5355 -3.5355 -3.8268 0.6875 0.375 0.9626 -0.1915 -0.1915
9.2388 0 -3.8268 0.75 0.375 0.9626 -0.1915 -0.1915
10 0 0 0.75 0.5 0.9626 -0.1915 -0.1915
8.5355 -3.5355 -3.8268 0.6875 0.375 0.9626 -0.1915 -0.1915
9.2388 3.8268 0 0.8125 0.5 0.9626 0.1915 -0.1915
10 0 0 0.75 0.5 0.9626 0.1915 -0.1915
9.2388 0 -3.8268 0.75 0.375 0.9626 0.1915 -0.1915
8.5355 3.5355 -3.8268 0.8125 0.375 0.9626 0.1915 -0.1915
9.2388 3.8268 0 0.8125 0.5 0.9626 0.1915 -0.1915
9.2388 0 -3.8268 0.75 0.375 0.9626 0.1915 -0.1915
7.0711 7.0711 0 0.875 0.5 0.8161 0.5453 -0.1915
9.2388 3.8268 0 0.8125 0.5 0.8161 0.5453 -0.1915
8.5355 3.5355 -3.8268 0.8125 0.375 0.8161 0.5453 -0.1915
6.5328 6.5328 -3.8268 0.875 0.375 0.8161 0.5453 -0.1915
7.0711 7.0711 0 0.875 0.5 0.8161 0.5453 -0.1915
8.5355 3.5355 -3.8268 0.8125 0.375 0.8161 0.5453 -0.1915
3.8268 9.2388 0 0.9375 0.5 0.5453 0.8161 -0.1915
7.0711 7.0711 0 0.875 0.5 0.5453 0.8161 -0.1915
6.5328 6.5328 -3.8268 0.875 0.375 0.5453 0.8161 -0.1915
3.5355 8.5355 -3.8268 0.9375 0.375 0.5453 0.8161 -0.1915
3.8268 9.2388 0 0.9375 0.5 0.5453 0.8161 -0.1915
6.5328 6.5328 -3.8268 0.875 0.375 0.5453 0.8161 -0.1915
-0 10 0 1 0.5 0.1915 0.9626 -0.1915
3.8268 9.2388 0 0.9375 0.5 0.1915 0.9626 -0.1915
3.5355 8.5355 -3.8268 0.9375 0.375 0.1915 0.9626 -0.1915
-0 9.2388 -3.8268 1 0.375 0.1915 0.9626 -0.1915
-0 10 0 1 0.5 0.1915 0.9626 -0.1915
3.5355 8.5355 -3.8268 0.9375 0.375 0.1915 0.9626 -0.1915
-3.5355 8.5355 3.8268 0.0625 0.625 -0.1915 0.9626 0.1915
-0 9.2388 3.8268 0 0.625 -0.1915 0.9626 0.1915
-0 10 0 0 0.5 -0.1915 0.9626 0.1915
-3.8268 9.2388 0 0.0625 0.5 -0.1915 0.9626 0.1915
-3.5355 8.5355 3.8268 0.0625 0.625 -0.1915 0.9626 0.1915
-0 10 0 0 0.5 -0.1915 0.9626 0.1915
-6.5328 6.5328 3.8268 0.125 0.625 -0.5453 0.8161 0.1915
-3.5355 8.5355 3.8268 0.0625 0.625 -0.5453 0.8161 0.1915
-3.8268 9.2388 0 0.0625 0.5 -0.5453 0.8161 0.1915
-7.0711 7.0711 0 0.125 0.5 -0.5453 0.8161 0.1915
-6.5328 6.5328 3.8268 0.125 0.625 -0.5453 0.8161 0.1915
-3.8268 9.2388 0 0.0625 0.5 -0.5453 0.8161 0.1915
-8.5355 3.5355 3.8268 0.1875 0.625 -0.8161 0.5453 0.1915
-6.5328 6.5328 3.8268 0.125 0.625 -0.8161 0.5453 0.1915
-7.0711 7.0711 0 0.125 0.5 -0.8161 0.5453 0.1915
-9.2388 3.8268 0 0.1875 0.5 -0.8161 0.5453 0.1915
-8.5355 3.5355 3.8268 0.1875 0.625 -0.8161 0.5453 0.1915
-7.0711 7.0711 0 0.125 0.5 -0.8161 0.5453 0.1915
-9.2388 0 3.8268 0.25 0.625 -0.9626 0.1915 0.1915
-8.5355 3.5355 3.8268 0.1875 0.625 -0.9626 0.1915 0.1915
-9.2388 3.8268 0 0.1875 0.5 -0.9626 0.1915 0.1915
-10 0 0 0.25 0.5 -0.9626 0.1915 0.1915
-9.2388 0 3.8268 0.25 0.625 -0.9626 0.1915 0.1915
-9.2388 3.8268 0 0.1875 0.5 -0.9626 0.1915 0.1915
-8.5355 -3.5355 3.8268 0.3125 0.625 -0.9626 -0.1915 0.1915
-9.2388 0 3.8268 0.25 0.625 -0.9626 -0.1915 0.1915
-10 0 0 0.25 0.5 -0.9626 -0.1915 0.1915
-9.2388 -3.8268 0 0.3125 0.5 -0.9626 -0.1915 0.1915
-8.5355 -3.5355 3.8268 0.3125 0.625 -0.9626 -0.1915 0.1915
-10 0 0 0.25 0.5 -0.9626 -0.1915 0.1915
-6.5328 -6.5328 3.8268 0.375 0.625 -0.8161 -0.5453 0.1915
-8.5355 -3.5355 3.8268 0.3125 0.625 -0.8161 -0.5453 0.1915
-9.2388 -3.8268 0 0.3125 0.5 -0.8161 -0.5453 0.1915
-7.0711 -7.0711 0 0.375 0.5 -0.8161 -0.5453 0.1915
-6.5328 -6.5328 3.8268 0.375 0.625 -0.8161 -0.5453 0.1915
-9.2388 -3.8268 0 0.3125 0.5 -0.8161 -0.5453 0.1915
-3.5355 -8.5355 3.8268 0.4375 0.625 -0.5453 -0.8161 0.1915
-6.5328 -6.5328 3.8268 0.375 0.625 -0.5453 -0.8161 0.1915
-7.0711 -7.0711 0 0.375 0.5 -0.5453 -0.8161 0.1915
-3.8268 -9.2388 0 0.4375 0.5 -0.5453 -0.8161 0.1915
-3.5355 -8.5355 3.8268 0.4375 0.625 -0.5453 -0.8161 0.1915
-7.0711 -7.0711 0 0.375 0.5 -0.5453 -0.8161 0.1915
0 -9.2388 3.8268 0.5 0.625 -0.1915 -0.9626 0.1915
-3.5355 -8.5355 3.8268 0.4375 0.625 -0.1915 -0.9626 0.1915
-3.8268 -9.2388 0 0.4375 0.5 -0.1915 -0.9626 0.1915
0 -10 0 0.5 0.5 -0.1915 -0.9626 0.1915
0 -9.2388 3.8268 0.5 0.625 -0.1915 -0.9626 0.1915
-3.8268 -9.2388 0 0.4375 0.5 -0.1915 -0.9626 0.1915
3.5355 -8.5355 3.8268 0.5625 0.625 0.1915 -0.9626 0.1915
0 -9.2388 3.8268 0.5 0.625 0.1915 -0.9626 0.1915
0 -10 0 0.5 0.5 0.1915 -0.9626 0.1915
3.8268 -9.2388 0 0.5625 0.5 0.1915 -0.9626 0.1915
3.5355 -8.5355 3.8268 0.5625 0.625 0.1915 -0.9626 0.1915
0 -10 0 0.5 0.5 0.1915 -0.9626 0.1915
6.5328 -6.5328 3.8268 0.625 0.625 0.5453 -0.8161 0.1915
3.5355 -8.5355 3.8268 0.5625 0.625 0.5453 -0.8161 0.1915
3.8268 -9.2388 0 0.5625 0.5 0.5453 -0.8161 0.1915
7.0711 -7.0711 0 0.625 0.5 0.5453 -0.8161 0.1915
6.5328 -6.5328 3.8268 0.625 0.625 0.5453 -0.8161 0.1915
3.8268 -9.2388 0 0.5625 0.5 0.5453 -0.8161 0.1915
8.5355 -3.5355 3.8268 0.6875 0.625 0.8161 -0.5453 0.1915
6.5328 -6.5328 3.8268 0.625 0.625 0.8161 -0.5453 0.1915
7.0711 -7.0711 0 0.625 0.5 0.8161 -0.5453 0.1915
9.2388 -3.8268 0 0.6875 0.5 0.8161 -0.5453 0.1915
8.5355 -3.5355 3.8268 0.6875 0.625 0.8161 -0.5453 0.1915
7.0711 -7.0711 0 0.625 0.5 0.8161 -0.5453 0.1915
9.2388 0 3.8268 0.75 0.625 0.9626 -0.1915 0.1915
8.5355 -3.5355 3.8268 0.6875 0.625 0.9626 -0.1915 0.1915
9.2388 -3.8268 0 0.6875 0.5 0.9626 -0.1915 0.1915
10 0 0 0.75 0.5 0.9626 -0.1915 0.1915
9.2388 0 3.8268 0.75 0.625 0.9626 -0.1915 0.1915
9.2388 -3.8268 0 0.6875 0.5 0.9626 -0.1915 0.1915
8.5355 3.5355 3.8268 0.8125 0.625 0.9626 0.1915 0.1915
9.2388 0 3.8268 0.75 0.625 0.9626 0.1915 0.1915
10 0 0 0.75 0.5 0.9626 0.1915 0.1915
9.2388 3.8268 0 0.8125 0.5 0.9626 0.1915 0.1915
8.5355 3.5355 3.8268 0.8125 0.625 0.9626 0.1915 0.1915
10 0 0 0.75 0.5 0.9626 0.1915 0.1915
6.5328 6.5328 3.8268 0.875 0.625 0.8161 0.5453 0.1915
8.5355 3.5355 3.8268 0.8125 0.625 0.8161 0.5453 0.1915
9.2388 3.8268 0 0.8125 0.5 0.8161 0.5453 0.1915
7.0711 7.0711 0 0.875 0.5 0.8161 0.5453 0.1915
6.5328 6.5328 3.8268 0.875 0.625 0.8161 0.5453 0.1915
9.2388 3.8268 0 0.8125 0.5 0.8161 0.5453 0.1915
3.5355 8.5355 3.8268 0.9375 0.625 0.5453 0.8161 0.1915
6.5328 6.5328 3.8268 0.875 0.625 0.5453 0.8161 0.1915
7.0711 7.0711 0 0.875 0.5 0.5453 0.8161 0.1915
3.8268 9.2388 0 0.9375 0.5 0.5453 0.8161 0.1915
3.5355 8.5355 3.8268 0.9375 0.625 0.5453 0.8161 0.1915
7.0711 7.0711 0 0.875 0.5 0.5453 0.8161 0.1915
-0 9.2388 3.8268 1 0.625 0.1915 0.9626 0.1915
3.5355 8.5355 3.8268 0.9375 0.625 0.1915 0.9626 0.1915
3.8268 9.2388 0 0.9375 0.5 0.1915 0.9626 0.1915
-0 10 0 1 0.5 0.1915 0.9626 0.1915
-0 9.2388 3.8268 1 0.625 0.1915 0.9626 0.1915
3.8268 9.2388 0 0.9375 0.5 0.1915 0.9626 0.1915
-2.706 6.5328 7.0711 0.0625 0.75 -0.1632 0.8203 0.5481
-0 7.0711 7.0711 0 0.75 -0.1632 0.8203 0.5481
-0 9.2388 3.8268 0 0.625 -0.1632 0.8203 0.5481
-3.5355 8.5355 3.8268 0.0625 0.625 -0.1632 0.8203 0.5481
-2.706 6.5328 7.0711 0.0625 0.75 -0.1632 0.8203 0.5481
-0 9.2388 3.8268 0 0.625 -0.1632 0.8203 0.5481
-5 5 7.0711 0.125 0.75 -0.4647 0.6954 0.5481
-2.706 6.5328 7.0711 0.0625 0.75 -0.4647 0.6954 0.5481
-3.5355 8.5355 3.8268 0.0625 0.625 -0.4647 0.6954 0.5481
-6.5328 6.5328 3.8268 0.125 0.625 -0.4647 0.6954 0.5481
-5 5 7.0711 0.125 0.75 -0.4647 0.6954 0.5481
-3.5355 8.5355 3.8268 0.0625 0.625 -0.4647 0.6954 0.5481
-6.5328 2.706 7.0711 0.1875 0.75 -0.6954 0.4647 0.5481
-5 5 7.0711 0.125 0.75 -0.6954 0.4647 0.5481
-6.5328 6.5328 3.8268 0.125 0.625 -0.6954 0.4647 0.5481
-8.5355 3.5355 3.8268 0.1875 0.625 -0.6954 0.4647 0.5481
-6.5328 2.706 7.0711 0.1875 0.75 -0.6954 0.4647 0.5481
-6.5328 6.5328 3.8268 0.125 0.625 -0.6954 0.4647 0.5481
-7.0711 0 7.0711 0.25 0.75 -0.8203 0.1632 0.5481
-6.5328 2.706 7.0711 0.1875 0.75 -0.8203 0.1632 0.5481
-8.5355 3.5355 3.8268 0.1875 0.625 -0.8203 0.1632 0.5481
-9.2388 0 3.8268 0.25 0.625 -0.8203 0.1632 0.5481
-7.0711 0 7.0711 0.25 0.75 -0.8203 0.1632 0.5481
-8.5355 3.5355 3.8268 0.1875 0.625 -0.8203 0.1632 0.5481
-6.5328 -2.706 7.0711 0.3125 0.75 -0.8203 -0.1632 0.5481
-7.0711 0 7.0711 0.25 0.75 -0.8203 -0.1632 0.5481
-9.2388 0 3.8268 0.25 0.625 -0.8203 -0.1632 0.5481
-8.5355 -3.5355 3.8268 0.3125 0.625 -0.8203 -0.1632 0.5481
-6.5328 -2.706 7.0711 0.3125 0.75 -0.8203 -0.1632 0.5481
-9.2388 0 3.8268 0.25 0.625 -0.8203 -0.1632 0.5481
-5 -5 7.0711 0.375 0.75 -0.6954 -0.4647 0.5481
-6.5328 -2.706 7.0711 0.3125 0.75 -0.6954 -0.4647 0.5481
-8.5355 -3.5355 3.8268 0.3125 0.625 -0.6954 -0.4647 0.5481
-6.5328 -6.5328 3.8268 0.375 0.625 -0.6954 -0.4647 0.5481
-5 -5 7.0711 0.375 0.75 -0.6954 -0.4647 0.5481
-8.5355 -3.5355 3.8268 0.3125 0.625 -0.6954 -0.4647 0.5481
-2.706 -6.5328 7.0711 0.4375 0.75 -0.4647 -0.6954 0.5481
-5 -5 7.0711 0.375 0.75 -0.4647 -0.6954 0.5481
-6.5328 -6.5328 3.8268 0.375 0.625 -0.4647 -0.6954 0.5481
-3.5355 -8.5355 3.8268 0.4375 0.625 -0.4647 -0.6954 0.5481
-2.706 -6.5328 7.0711 0.4375 0.75 -0.4647 -0.6954 0.5481
-6.5328 -6.5328 3.8268 0.375 0.625 -0.4647 -0.6954 0.5481
0 -7.0711 7.0711 0.5 0.75 -0.1632 -0.8203 0.5481
-2.706 -6.5328 7.0711 0.4375 0.75 -0.1632 -0.8203 0.5481
-3.5355 -8.5355 3.8268 0.4375 0.625 -0.1632 -0.8203 0.5481
0 -9.2388 3.8268 0.5 0.625 -0.1632 -0.8203 0.5481
0 -7.0711 7.0711 0.5 0.75 -0.1632 -0.8203 0.5481
-3.5355 -8.5355 3.8268 0.4375 0.625 -0.1632 -0.8203 0.5481
2.706 -6.5328 7.0711 0.5625 0.75 0.1632 -0.8203 0.5481
0 -7.0711 7.0711 0.5 0.75 0.1632 -0.8203 0.5481
0 -9.2388 3.8268 0.5 0.625 0.1632 -0.8203 0.5481
3.5355 -8.5355 3.8268 0.5625 0.625 0.1632 -0.8203 0.5481
2.706 -6.5328 7.0711 0.5625 0.75 0.1632 -0.8203 0.5481
0 -9.2388 3.8268 0.5 0.625 0.1632 -0.8203 0.5481
5 -5 7.0711 0.625 0.75 0.4647 -0.6954 0.5481
2.706 -6.5328 7.0711 0.5625 0.75 0.4647 -0.6954 0.5481
3.5355 -8.5355 3.8268 0.5625 0.625 0.4647 -0.6954 0.5481
6.5328 -6.5328 3.8268 0.625 0.625 0.4647 -0.6954 0.5481
5 -5 7.0711 0.625 0.75 0.4647 -0.6954 0.5481
3.5355 -8.5355 3.8268 0.5625 0.625 0.4647 -0.6954 0.5481
6.5328 -2.706 7.0711 0.6875 0.75 0.6954 -0.4647 0.5481
5 -5 7.0711 0.625 0.75 0.6954 -0.4647 0.5481
6.5328 -6.5328 3.8268 0.625 0.625 0.6954 -0.4647 0.5481
8.5355 -3.5355 3.8268 0.6875 0.625 0.6954 -0.4647 0.5481
6.5328 -2.706 7.0711 0.6875 0.75 0.6954 -0.4647 0.5481
6.5328 -6.5328 3.8268 0.625 0.625 0.6954 -0.4647 0.5481
7.0711 0 7.0711 0.75 0.75 0.8203 -0.1632 0.5481
6.5328 -2.706 7.0711 0.6875 0.75 0.8203 -0.1632 0.5481
8.5355 -3.5355 3.8268 0.6875 0.625 0.8203 -0.1632 0.5481
9.2388 0 3.8268 0.75 0.625 0.8203 -0.1632 0.5481
7.0711 0 7.0711 0.75 0.75 0.8203 -0.1632 0.5481
8.5355 -3.5355 3.8268 0.6875 0.625 0.8203 -0.1632 0.5481
6.5328 2.706 7.0711 0.8125 0.75 0.8203 0.1632 0.5481
7.0711 0 7.0711 0.75 0.75 0.8203 0.1632 0.5481
9.2388 0 3.8268 0.75 0.625 0.8203 0.1632 0.5481
8.5355 3.5355 3.8268 0.8125 0.625 0.8203 0.1632 0.5481
6.5328 2.706 7.0711 0.8125 0.75 0.8203 0.1632 0.5481
9.2388 0 3.8268 0.75 0.625 0.8203 0.1632 0.5481
5 5 7.0711 0.875 0.75 0.6954 0.4647 0.5481
6.5328 2.706 7.0711 0.8125 0.75 0.6954 0.4647 0.5481
8.5355 3.5355 3.8268 0.8125 0.625 0.6954 0.4647 0.5481
6.5328 6.5328 3.8268 0.875 0.625 0.6954 0.4647 0.5481
5 5 7.0711 0.875 0.75 0.6954 0.4647 0.5481
8.5355 3.5355 3.8268 0.8125 0.625 0.6954 0.4647 0.5481
2.706 6.5328 7.0711 0.9375 0.75 0.4647 0.6954 0.5481
5 5 7.0711 0.875 0.75 0.4647 0.6954 0.5481
6.5328 6.5328 3.8268 0.875 0.625 0.4647 0.6954 0.5481
3.5355 8.5355 3.8268 0.9375 0.625 0.4647 0.6954 0.5481
2.706 6.5328 7.0711 0.9375 0.75 0.4647 0.6954 0.5481
6.5328 6.5328 3.8268 0.875 0.625 0.4647 0.6954 0.5481
-0 7.0711 7.0711 1 0.75 0.1632 0.8203 0.5481
2.706 6.5328 7.0711 0.9375 0.75 0.1632 0.8203 0.5481
3.5355 8.5355 3.8268 0.9375 0.625 0.1632 0.8203 0.5481
-0 9.2388 3.8268 1 0.625 0.1632 0.8203 0.5481
-0 7.0711 7.0711 1 0.75 0.1632 0.8203 0.5481
3.5355 8.5355 3.8268 0.9375 0.625 0.1632 0.8203 0.5481
-1.4645 3.5355 9.2388 0.0625 0.875 -0.1098 0.5522 0.8264
-0 3.8268 9.2388 0 0.875 -0.1098 0.5522 0.8264
-0 7.0711 7.0711 0 0.75 -0.1098 0.5522 0.8264
-2.706 6.5328 7.0711 0.0625 0.75 -0.1098 0.5522 0.8264
-1.4645 3.5355 9.2388 0.0625 0.875 -0.1098 0.5522 0.8264
-0 7.0711 7.0711 0 0.75 -0.1098 0.5522 0.8264
-2.706 2.706 9.2388 0.125 0.875 -0.3128 0.4681 0.8264
-1.4645 3.5355 9.2388 0.0625 0.875 -0.3128 0.4681 0.8264
-2.706 6.5328 7.0711 0.0625 0.75 -0.3128 0.4681 0.8264
-5 5 7.0711 0.125 0.75 -0.3128 0.4681 0.8264
-2.706 2.706 9.2388 0.125 0.875 -0.3128 0.4681 0.8264
-2.706 6.5328 7.0711 0.0625 0.75 -0.3128 0.4681 0.8264
-3.5355 1.4645 9.2388 0.1875 0.875 -0.4681 0.3128 0.8264
-2.706 2.706 9.2388 0.125 0.875 -0.4681 0.3128 0.8264
-5 5 7.0711 0.125 0.75 -0.4681 0.3128 0.8264
-6.5328 2.706 7.0711 0.1875 0.75 -0.4681 0.3128 0.8264
-3.5355 1.4645 9.2388 0.1875 0.875 -0.4681 0.3128 0.8264
-5 5 7.0711 0.125 0.75 -0.4681 0.3128 0.8264
-3.8268 0 9.2388 0.25 0.875 -0.5522 0.1098 0.8264
-3.5355 1.4645 9.2388 0.1875 0.875 -0.5522 0.1098 0.8264
-6.5328 2.706 7.0711 0.1875 0.75 -0.5522 0.1098 0.8264
-7.0711 0 7.0711 0.25 0.75 -0.5522 0.1098 0.8264
-3.8268 0 9.2388 0.25 0.875 -0.5522 0.1098 0.8264
-6.5328 2.706 7.0711 0.1875 0.75 -0.5522 0.1098 0.8264
-3.5355 -1.4645 9.2388 0.3125 0.875 -0.5522 -0.1098 0.8264
-3.8268 0 9.2388 0.25 0.875 -0.5522 -0.1098 0.8264
-7.0711 0 7.0711 0.25 0.75 -0.5522 -0.1098 0.8264
-6.5328 -2.706 7.0711 0.3125 0.75 -0.5522 -0.1098 0.8264
-3.5355 -1.4645 9.2388 0.3125 0.875 -0.5522 -0.1098 0.8264
-7.0711 0 7.0711 0.25 0.75 -0.5522 -0.1098 0.8264
-2.706 -2.706 9.2388 0.375 0.875 -0.4681 -0.3128 0.8264
-3.5355 -1.4645 9.2388 0.3125 0.875 -0.4681 -0.3128 0.8264
-6.5328 -2.706 7.0711 0.3125 0.75 -0.4681 -0.3128 0.8264
-5 -5 7.0711 0.375 0.75 -0.4681 -0.3128 0.8264
-2.706 -2.706 9.2388 0.375 0.875 -0.4681 -0.3128 0.8264
-6.5328 -2.706 7.0711 0.3125 0.75 -0.4681 -0.3128 0.8264
-1.4645 -3.5355 9.2388 0.4375 0.875 -0.3128 -0.4681 0.8264
-2.706 -2.706 9.2388 0.375 0.875 -0.3128 -0.4681 0.8264
-5 -5 7.0711 0.375 0.75 -0.3128 -0.4681 0.8264
-2.706 -6.5328 7.0711 0.4375 0.75 -0.3128 -0.4681 0.8264
-1.4645 -3.5355 9.2388 0.4375 0.875 -0.3128 -0.4681 0.8264
-5 -5 7.0711 0.375 0.75 -0.3128 -0.4681 0.8264
0 -3.8268 9.2388 0.5 0.875 -0.1098 -0.5522 0.8264
-1.4645 -3.5355 9.2388 0.4375 0.875 -0.1098 -0.5522 0.8264
-2.706 -6.5328 7.0711 0.4375 0.75 -0.1098 -0.5522 0.8264
0 -7.0711 7.0711 0.5 0.75 -0.1098 -0.5522 0.8264
0 -3.8268 9.2388 0.5 0.875 -0.1098 -0.5522 0.8264
-2.706 -6.5328 7.0711 0.4375 0.75 -0.1098 -0.5522 0.8264
1.4645 -3.5355 9.2388 0.5625 0.875 0.1098 -0.5522 0.8264
0 -3.8268 9.2388 0.5 0.875 0.1098 -0.5522 0.8264
0 -7.0711 7.0711 0.5 0.75 0.1098 -0.5522 0.8264
2.706 -6.5328 7.0711 0.5625 0.75 0.1098 -0.5522 0.8264
1.4645 -3.5355 9.2388 0.5625 0.875 0.1098 -0.5522 0.8264
0 -7.0711 7.0711 0.5 0.75 0.1098 -0.5522 0.8264
2.706 -2.706 9.2388 0.625 0.875 0.3128 -0.4681 0.8264
1.4645 -3.5355 9.2388 0.5625 0.875 0.3128 -0.4681 0.8264
2.706 -6.5328 7.0711 0.5625 0.75 0.3128 -0.4681 0.8264
5 -5 7.0711 0.625 0.75 0.3128 -0.4681 0.8264
2.706 -2.706 9.2388 0.625 0.875 0.3128 -0.4681 0.8264
2.706 -6.5328 7.0711 0.5625 0.75 0.3128 -0.4681 0.8264
3.5355 -1.4645 9.2388 0.6875 0.875 0.4681 -0.3128 0.8264
2.706 -2.706 9.2388 0.625 0.875 0.4681 -0.3128 0.8264
5 -5 7.0711 0.625 0.75 0.4681 -0.3128 0.8264
6.5328 -2.706 7.0711 0.6875 0.75 0.4681 -0.3128 0.8264
3.5355 -1.4645 9.2388 0.6875 0.875 0.4681 -0.3128 0.8264
5 -5 7.0711 0.625 0.75 0.4681 -0.3128 0.8264
3.8268 0 9.2388 0.75 0.875 0.5522 -0.1098 0.8264
3.5355 -1.4645 9.2388 0.6875 0.875 0.5522 -0.1098 0.8264
6.5328 -2.706 7.0711 0.6875 0.75 0.5522 -0.1098 0.8264
7.0711 0 7.0711 0.75 0.75 0.5522 -0.1098 0.8264
3.8268 0 9.2388 0.75 0.875 0.5522 -0.1098 0.8264
6.5328 -2.706 7.0711 0.6875 0.75 0.5522 -0.1098 0.8264
3.5355 1.4645 9.2388 0.8125 0.875 0.5522 0.1098 0.8264
3.8268 0 9.2388 0.75 0.875 0.5522 0.1098 0.8264
7.0711 0 7.0711 0.75 0.75 0.5522 0.1098 0.8264
6.5328 2.706 7.0711 0.8125 0.75 0.5522 0.1098 0.8264
3.5355 1.4645 9.2388 0.8125 0.875 0.5522 0.1098 0.8264
7.0711 0 7.0711 0.75 0.75 0.5522 0.1098 0.8264
2.706 2.706 9.2388 0.875 0.875 0.4681 0.3128 0.8264
3.5355 1.4645 9.2388 0.8125 0.875 0.4681 0.3128 0.8264
6.5328 2.706 7.0711 0.8125 0.75 0.4681 0.3128 0.8264
5 5 7.0711 0.875 0.75 0.4681 0.3128 0.8264
2.706 2.706 9.2388 0.875 0.875 0.4681 0.3128 0.8264
6.5328 2.706 7.0711 0.8125 0.75 0.4681 0.3128 0.8264
1.4645 3.5355 9.2388 0.9375 0.875 0.3128 0.4681 0.8264
2.706 2.706 9.2388 0.875 0.875 0.3128 0.4681 0.8264
5 5 7.0711 0.875 0.75 0.3128 0.4681 0.8264
2.706 6.5328 7.0711 0.9375 0.75 0.3128 0.4681 0.8264
1.4645 3.5355 9.2388 0.9375 0.875 0.3128 0.4681 0.8264
5 5 7.0711 0.875 0.75 0.3128 0.4681 0.8264
-0 3.8268 9.2388 1 0.875 0.1098 0.5522 0.8264
1.4645 3.5355 9.2388 0.9375 0.875 0.1098 0.5522 0.8264
2.706 6.5328 7.0711 0.9375 0.75 0.1098 0.5522 0.8264
-0 7.0711 7.0711 1 0.75 0.1098 0.5522 0.8264
-0 3.8268 9.2388 1 0.875 0.1098 0.5522 0.8264
2.706 6.5328 7.0711 0.9375 0.75 0.1098 0.5522 0.8264
-0 3.8268 9.2388 0 0.875 -0.0388 0.1949 0.98
-1.4645 3.5355 9.2388 0.0625 0.875 -0.0388 0.1949 0.98
0 0 10 0 1 -0.0388 0.1949 0.98
-1.4645 3.5355 9.2388 0.0625 0.875 -0.1104 0.1653 0.98
-2.706 2.706 9.2388 0.125 0.875 -0.1104 0.1653 0.98
0 0 10 0.0625 1 -0.1104 0.1653 0.98
-2.706 2.706 9.2388 0.125 0.875 -0.1653 0.1104 0.98
-3.5355 1.4645 9.2388 0.1875 0.875 -0.1653 0.1104 0.98
0 0 10 0.125 1 -0.1653 0.1104 0.98
-3.5355 1.4645 9.2388 0.1875 0.875 -0.1949 0.0388 0.98
-3.8268 0 9.2388 0.25 0.875 -0.1949 0.0388 0.98
0 0 10 0.1875 1 -0.1949 0.0388 0.98
-3.8268 0 9.2388 0.25 0.875 -0.1949 -0.0388 0.98
-3.5355 -1.4645 9.2388 0.3125 0.875 -0.1949 -0.0388 0.98
0 0 10 0.25 1 -0.1949 -0.0388 0.98
-3.5355 -1.4645 9.2388 0.3125 0.875 -0.1653 -0.1104 0.98
-2.706 -2.706 9.2388 0.375 0.875 -0.1653 -0.1104 0.98
0 0 10 0.3125 1 -0.1653 -0.1104 0.98
-2.706 -2.706 9.2388 0.375 0.875 -0.1104 -0.1653 0.98
-1.4645 -3.5355 9.2388 0.4375 0.875 -0.1104 -0.1653 0.98
0 0 10 0.375 1 -0.1104 -0.1653 0.98
-1.4645 -3.5355 9.2388 0.4375 0.875 -0.0388 -0.1949 0.98
0 -3.8268 9.2388 0.5 0.875 -0.0388 -0.1949 0.98
0 0 10 0.4375 1 -0.0388 -0.1949 0.98
0 -3.8268 9.2388 0.5 0.875 0.0388 -0.1949 0.98
1.4645 -3.5355 9.2388 0.5625 0.875 0.0388 -0.1949 0.98
0 0 10 0.5 1 0.0388 -0.1949 0.98
1.4645 -3.5355 9.2388 0.5625 0.875 0.1104 -0.1653 0.98
2.706 -2.706 9.2388 0.625 0.875 0.1104 -0.1653 0.98
0 0 10 0.5625 1 0.1104 -0.1653 0.98
2.706 -2.706 9.2388 0.625 0.875 0.1653 -0.1104 0.98
3.5355 -1.4645 9.2388 0.6875 0.875 0.1653 -0.1104 0.98
0 0 10 0.625 1 0.1653 -0.1104 0.98
3.5355 -1.4645 9.2388 0.6875 0.875 0.1949 -0.0388 0.98
3.8268 0 9.2388 0.75 0.875 0.1949 -0.0388 0.98
0 0 10 0.6875 1 0.1949 -0.0388 0.98
3.8268 0 9.2388 0.75 0.875 0.1949 0.0388 0.98
3.5355 1.4645 9.2388 0.8125 0.875 0.1949 0.0388 0.98
0 0 10 0.75 1 0.1949 0.0388 0.98
3.5355 1.4645 9.2388 0.8125 0.875 0.1653 0.1104 0.98
2.706 2.706 9.2388 0.875 0.875 0.1653 0.1104 0.98
0 0 10 0.8125 1 0.1653 0.1104 0.98
2.706 2.706 9.2388 0.875 0.875 0.1104 0.1653 0.98
1.4645 3.5355 9.2388 0.9375 0.875 0.1104 0.1653 0.98
0 0 10 0.875 1 0.1104 0.1653 0.98
1.4645 3.5355 9.2388 0.9375 0.875 0.0388 0.1949 0.98
-0 3.8268 9.2388 1 0.875 0.0388 0.1949 0.98
0 0 10 0.9375 1 0.0388 0.1949 0.98
1.4645 -3.5355 -9.2388 0.0625 0.125 0.0388 -0.1949 -0.98
0 -3.8268 -9.2388 0 0.125 0.0388 -0.1949 -0.98
0 0 -10 0 0 0.0388 -0.1949 -0.98
2.706 -2.706 -9.2388 0.125 0.125 0.1104 -0.1653 -0.98
1.4645 -3.5355 -9.2388 0.0625 0.125 0.1104 -0.1653 -0.98
0 0 -10 0.0625 0 0.1104 -0.1653 -0.98
3.5355 -1.4645 -9.2388 0.1875 0.125 0.1653 -0.1104 -0.98
2.706 -2.706 -9.2388 0.125 0.125 0.1653 -0.1104 -0.98
0 0 -10 0.125 0 0.1653 -0.1104 -0.98
3.8268 0 -9.2388 0.25 0.125 0.1949 -0.0388 -0.98
3.5355 -1.4645 -9.2388 0.1875 0.125 0.1949 -0.0388 -0.98
0 0 -10 0.1875 0 0.1949 -0.0388 -0.98
3.5355 1.4645 -9.2388 0.3125 0.125 0.1949 0.0388 -0.98
3.8268 0 -9.2388 0.25 0.125 0.1949 0.0388 -0.98
0 0 -10 0.25 0 0.1949 0.0388 -0.98
2.706 2.706 -9.2388 0.375 0.125 0.1653 0.1104 -0.98
3.5355 1.4645 -9.2388 0.3125 0.125 0.1653 0.1104 -0.98
0 0 -10 0.3125 0 0.1653 0.1104 -0.98
1.4645 3.5355 -9.2388 0.4375 0.125 0.1104 0.1653 -0.98
2.706 2.706 -9.2388 0.375 0.125 0.1104 0.1653 -0.98
0 0 -10 0.375 0 0.1104 0.1653 -0.98
-0 3.8268 -9.2388 0.5 0.125 0.0388 0.1949 -0.98
1.4645 3.5355 -9.2388 0.4375 0.125 0.0388 0.1949 -0.98
0 0 -10 0.4375 0 0.0388 0.1949 -0.98
-1.4645 3.5355 -9.2388 0.5625 0.125 -0.0388 0.1949 -0.98
-0 3.8268 -9.2388 0.5 0.125 -0.0388 0.1949 -0.98
0 0 -10 0.5 0 -0.0388 0.1949 -0.98
-2.706 2.706 -9.2388 0.625 0.125 -0.1104 0.1653 -0.98
-1.4645 3.5355 -9.2388 0.5625 0.125 -0.1104 0.1653 -0.98
0 0 -10 0.5625 0 -0.1104 0.1653 -0.98
-3.5355 1.4645 -9.2388 0.6875 0.125 -0.1653 0.1104 -0.98
-2.706 2.706 -9.2388 0.625 0.125 -0.1653 0.1104 -0.98
0 0 -10 0.625 0 -0.1653 0.1104 -0.98
-3.8268 -0 -9.2388 0.75 0.125 -0.1949 0.0388 -0.98
-3.5355 1.4645 -9.2388 0.6875 0.125 -0.1949 0.0388 -0.98
0 0 -10 0.6875 0 -0.1949 0.0388 -0.98
-3.5355 -1.4645 -9.2388 0.8125 0.125 -0.1949 -0.0388 -0.98
-3.8268 -0 -9.2388 0.75 0.125 -0.1949 -0.0388 -0.98
0 0 -10 0.75 0 -0.1949 -0.0388 -0.98
-2.706 -2.706 -9.2388 0.875 0.125 -0.1653 -0.1104 -0.98
-3.5355 -1.4645 -9.2388 0.8125 0.125 -0.1653 -0.1104 -0.98
0 0 -10 0.8125 0 -0.1653 -0.1104 -0.98
-1.4645 -3.5355 -9.2388 0.9375 0.125 -0.1104 -0.1653 -0.98
-2.706 -2.706 -9.2388 0.875 0.125 -0.1104 -0.1653 -0.98
0 0 -10 0.875 0 -0.1104 -0.1653 -0.98
0 -3.8268 -9.2388 1 0.125 -0.0388 -0.1949 -0.98
-1.4645 -3.5355 -9.2388 0.9375 0.125 -0.0388 -0.1949 -0.98
0 0 -10 0.9375 0 -0.0388 -0.1949 -0.98
2.706 -6.5328 -7.0711 0.0625 0.25 0.1098 -0.5522 -0.8264
0 -7.0711 -7.0711 0 0.25 0.1098 -0.5522 -0.8264
0 -3.8268 -9.2388 0 0.125 0.1098 -0.5522 -0.8264
1.4645 -3.5355 -9.2388 0.0625 0.125 0.1098 -0.5522 -0.8264
2.706 -6.5328 -7.0711 0.0625 0.25 0.1098 -0.5522 -0.8264
0 -3.8268 -9.2388 0 0.125 0.1098 -0.5522 -0.8264
5 -5 -7.0711 0.125 0.25 0.3128 -0.4681 -0.8264
2.706 -6.5328 -7.0711 0.0625 0.25 0.3128 -0.4681 -0.8264
1.4645 -3.5355 -9.2388 0.0625 0.125 0.3128 -0.4681 -0.8264
2.706 -2.706 -9.2388 0.125 0.125 0.3128 -0.4681 -0.8264
5 -5 -7.0711 0.125 0.25 0.3128 -0.4681 -0.8264
1.4645 -3.5355 -9.2388 0.0625 0.125 0.3128 -0.4681 -0.8264
6.5328 -2.706 -7.0711 0.1875 0.25 0.4681 -0.3128 -0.8264
5 -5 -7.0711 0.125 0.25 0.4681 -0.3128 -0.8264
2.706 -2.706 -9.2388 0.125 0.125 0.4681 -0.3128 -0.8264
3.5355 -1.4645 -9.2388 0.1875 0.125 0.4681 -0.3128 -0.8264
6.5328 -2.706 -7.0711 0.1875 0.25 0.4681 -0.3128 -0.8264
2.706 -2.706 -9.2388 0.125 0.125 0.4681 -0.3128 -0.8264
7.0711 0 -7.0711 0.25 0.25 0.5522 -0.1098 -0.8264
6.5328 -2.706 -7.0711 0.1875 0.25 0.5522 -0.1098 -0.8264
3.5355 -1.4645 -9.2388 0.1875 0.125 0.5522 -0.1098 -0.8264
3.8268 0 -9.2388 0.25 0.125 0.5522 -0.1098 -0.8264
7.0711 0 -7.0711 0.25 0.25 0.5522 -0.1098 -0.8264
3.5355 -1.4645 -9.2388 0.1875 0.125 0.5522 -0.1098 -0.8264
6.5328 2.706 -7.0711 0.3125 0.25 0.5522 0.1098 -0.8264
7.0711 0 -7.0711 0.25 0.25 0.5522 0.1098 -0.8264
3.8268 0 -9.2388 0.25 0.125 0.5522 0.1098 -0.8264
3.5355 1.4645 -9.2388 0.3125 0.125 0.5522 0.1098 -0.8264
6.5328 2.706 -7.0711 0.3125 0.25 0.5522 0.1098 -0.8264
3.8268 0 -9.2388 0.25 0.125 0.5522 0.1098 -0.8264
5 5 -7.0711 0.375 0.25 0.4681 0.3128 -0.8264
6.5328 2.706 -7.0711 0.3125 0.25 0.4681 0.3128 -0.8264
3.5355 1.4645 -9.2388 0.3125 0.125 0.4681 0.3128 -0.8264
2.706 2.706 -9.2388 0.375 0.125 0.4681 0.3128 -0.8264
5 5 -7.0711 0.375 0.25 0.4681 0.3128 -0.8264
3.5355 1.4645 -9.2388 0.3125 0.125 0.4681 0.3128 -0.8264
2.706 6.5328 -7.0711 0.4375 0.25 0.3128 0.4681 -0.8264
5 5 -7.0711 0.375 0.25 0.3128 0.4681 -0.8264
2.706 2.706 -9.2388 0.375 0.125 0.3128 0.4681 -0.8264
1.4645 3.5355 -9.2388 0.4375 0.125 0.3128 0.4681 -0.8264
2.706 6.5328 -7.0711 0.4375 0.25 0.3128 0.4681 -0.8264
2.706 2.706 -9.2388 0.375 0.125 0.3128 0.4681 -0.8264
-0 7.0711 -7.0711 0.5 0.25 0.1098 0.5522 -0.8264
2.706 6.5328 -7.0711 0.4375 0.25 0.1098 0.5522 -0.8264
1.4645 3.5355 -9.2388 0.4375 0.125 0.1098 0.5522 -0.8264
-0 3.8268 -9.2388 0.5 0.125 0.1098 0.5522 -0.8264
-0 7.0711 -7.0711 0.5 0.25 0.1098 0.5522 -0.8264
1.4645 3.5355 -9.2388 0.4375 0.125 0.1098 0.5522 -0.8264
-2.706 6.5328 -7.0711 0.5625 0.25 -0.1098 0.5522 -0.8264
-0 7.0711 -7.0711 0.5 0.25 -0.1098 0.5522 -0.8264
-0 3.8268 -9.2388 0.5 0.125 -0.1098 0.5522 -0.8264
-1.4645 3.5355 -9.2388 0.5625 0.125 -0.1098 0.5522 -0.8264
-2.706 6.5328 -7.0711 0.5625 0.25 -0.1098 0.5522 -0.8264
-0 3.8268 -9.2388 0.5 0.125 -0.1098 0.5522 -0.8264
-5 5 -7.0711 0.625 0.25 -0.3128 0.4681 -0.8264
-2.706 6.5328 -7.0711 0.5625 0.25 -0.3128 0.4681 -0.8264
-1.4645 3.5355 -9.2388 0.5625 0.125 -0.3128 0.4681 -0.8264
-2.706 2.706 -9.2388 0.625 0.125 -0.3128 0.4681 -0.8264
-5 5 -7.0711 0.625 0.25 -0.3128 0.4681 -0.8264
-1.4645 3.5355 -9.2388 0.5625 0.125 -0.3128 0.4681 -0.8264
-6.5328 2.706 -7.0711 0.6875 0.25 -0.4681 0.3128 -0.8264
-5 5 -7.0711 0.625 0.25 -0.4681 0.3128 -0.8264
-2.706 2.706 -9.2388 0.625 0.125 -0.4681 0.3128 -0.8264
-3.5355 1.4645 -9.2388 0.6875 0.125 -0.4681 0.3128 -0.8264
-6.5328 2.706 -7.0711 0.6875 0.25 -0.4681 0.3128 -0.8264
-2.706 2.706 -9.2388 0.625 0.125 -0.4681 0.3128 -0.8264
-7.0711 -0 -7.0711 0.75 0.25 -0.5522 0.1098 -0.8264
-6.5328 2.706 -7.0711 0.6875 0.25 -0.5522 0.1098 -0.8264
-3.5355 1.4645 -9.2388 0.6875 0.125 -0.5522 0.1098 -0.8264
-3.8268 -0 -9.2388 0.75 0.125 -0.5522 0.1098 -0.8264
-7.0711 -0 -7.0711 0.75 0.25 -0.5522 0.1098 -0.8264
-3.5355 1.4645 -9.2388 0.6875 0.125 -0.5522 0.1098 -0.8264
-6.5328 -2.706 -7.0711 0.8125 0.25 -0.5522 -0.1098 -0.8264
-7.0711 -0 -7.0711 0.75 0.25 -0.5522 -0.1098 -0.8264
-3.8268 -0 -9.2388 0.75 0.125 -0.5522 -0.1098 -0.8264
-3.5355 -1.4645 -9.2388 0.8125 0.125 -0.5522 -0.1098 -0.8264
-6.5328 -2.706 -7.0711 0.8125 0.25 -0.5522 -0.1098 -0.8264
-3.8268 -0 -9.2388 0.75 0.125 -0.5522 -0.1098 -0.8264
-5 -5 -7.0711 0.875 0.25 -0.4681 -0.3128 -0.8264
-6.5328 -2.706 -7.0711 0.8125 0.25 -0.4681 -0.3128 -0.8264
-3.5355 -1.4645 -9.2388 0.8125 0.125 -0.4681 -0.3128 -0.8264
-2.706 -2.706 -9.2388 0.875 0.125 -0.4681 -0.3128 -0.8264
-5 -5 -7.0711 0.875 0.25 -0.4681 -0.3128 -0.8264
-3.5355 -1.4645 -9.2388 0.8125 0.125 -0.4681 -0.3128 -0.8264
-2.706 -6.5328 -7.0711 0.9375 0.25 -0.3128 -0.4681 -0.8264
-5 -5 -7.0711 0.875 0.25 -0.3128 -0.4681 -0.8264
-2.706 -2.706 -9.2388 0.875 0.125 -0.3128 -0.4681 -0.8264
-1.4645 -3.5355 -9.2388 0.9375 0.125 -0.3128 -0.4681 -0.8264
-2.706 -6.5328 -7.0711 0.9375 0.25 -0.3128 -0.4681 -0.8264
-2.706 -2.706 -9.2388 0.875 0.125 -0.3128 -0.4681 -0.8264
0 -7.0711 -7.0711 1 0.25 -0.1098 -0.5522 -0.8264
-2.706 -6.5328 -7.0711 0.9375 0.25 -0.1098 -0.5522 -0.8264
-1.4645 -3.5355 -9.2388 0.9375 0.125 -0.1098 -0.5522 -0.8264
0 -3.8268 -9.2388 1 0.125 -0.1098 -0.5522 -0.8264
0 -7.0711 -7.0711 1 0.25 -0.1098 -0.5522 -0.8264
-1.4645 -3.5355 -9.2388 0.9375 0.125 -0.1098 -0.5522 -0.8264
3.5355 -8.5355 -3.8268 0.0625 0.375 0.1632 -0.8203 -0.5481
0 -9.2388 -3.8268 0 0.375 0.1632 -0.8203 -0.5481
0 -7.0711 -7.0711 0 0.25 0.1632 -0.8203 -0.5481
2.706 -6.5328 -7.0711 0.0625 0.25 0.1632 -0.8203 -0.5481
3.5355 -8.5355 -3.8268 0.0625 0.375 0.1632 -0.8203 -0.5481
0 -7.0711 -7.0711 0 0.25 0.1632 -0.8203 -0.5481
6.5328 -6.5328 -3.8268 0.125 0.375 0.4647 -0.6954 -0.5481
3.5355 -8.5355 -3.8268 0.0625 0.375 0.4647 -0.6954 -0.5481
2.706 -6.5328 -7.0711 0.0625 0.25 0.4647 -0.6954 -0.5481
5 -5 -7.0711 0.125 0.25 0.4647 -0.6954 -0.5481
6.5328 -6.5328 -3.8268 0.125 0.375 0.4647 -0.6954 -0.5481
2.706 -6.5328 -7.0711 0.0625 0.25 0.4647 -0.6954 -0.5481
8.5355 -3.5355 -3.8268 0.1875 0.375 0.6954 -0.4647 -0.5481
6.5328 -6.5328 -3.8268 0.125 0.375 0.6954 -0.4647 -0.5481
5 -5 -7.0711 0.125 0.25 0.6954 -0.4647 -0.5481
6.5328 -2.706 -7.0711 0.1875 0.25 0.6954 -0.4647 -0.5481
8.5355 -3.5355 -3.8268 0.1875 0.375 0.6954 -0.4647 -0.5481
5 -5 -7.0711 0.125 0.25 0.6954 -0.4647 -0.5481
9.2388 0 -3.8268 0.25 0.375 0.8203 -0.1632 -0.5481
8.5355 -3.5355 -3.8268 0.1875 0.375 0.8203 -0.1632 -0.5481
6.5328 -2.706 -7.0711 0.1875 0.25 0.8203 -0.1632 -0.5481
7.0711 0 -7.0711 0.25 0.25 0.8203 -0.1632 -0.5481
9.2388 0 -3.8268 0.25 0.375 0.8203 -0.1632 -0.5481
6.5328 -2.706 -7.0711 0.1875 0.25 0.8203 -0.1632 -0.5481
8.5355 3.5355 -3.8268 0.3125 0.375 0.8203 0.1632 -0.5481
9.2388 0 -3.8268 0.25 0.375 0.8203 0.1632 -0.5481
7.0711 0 -7.0711 0.25 0.25 0.8203 0.1632 -0.5481
6.5328 2.706 -7.0711 0.3125 0.25 0.8203 0.1632 -0.5481
8.5355 3.5355 -3.8268 0.3125 0.375 0.8203 0.1632 -0.5481
7.0711 0 -7.0711 0.25 0.25 0.8203 0.1632 -0.5481
6.5328 6.5328 -3.8268 0.375 0.375 0.6954 0.4647 -0.5481
8.5355 3.5355 -3.8268 0.3125 0.375 0.6954 0.4647 -0.5481
6.5328 2.706 -7.0711 0.3125 0.25 0.6954 0.4647 -0.5481
5 5 -7.0711 0.375 0.25 0.6954 0.4647 -0.5481
6.5328 6.5328 -3.8268 0.375 0.375 0.6954 0.4647 -0.5481
6.5328 2.706 -7.0711 0.3125 0.25 0.6954 0.4647 -0.5481
3.5355 8.5355 -3.8268 0.4375 0.375 0.4647 0.6954 -0.5481
6.5328 6.5328 -3.8268 0.375 0.375 0.4647 0.6954 -0.5481
5 5 -7.0711 0.375 0.25 0.4647 0.6954 -0.5481
2.706 6.5328 -7.0711 0.4375 0.25 0.4647 0.6954 -0.5481
3.5355 8.5355 -3.8268 0.4375 0.375 0.4647 0.6954 -0.5481
5 5 -7.0711 0.375 0.25 0.4647 0.6954 -0.5481
-0 9.2388 -3.8268 0.5 0.375 0.1632 0.8203 -0.5481
3.5355 8.5355 -3.8268 0.4375 0.375 0.1632 0.8203 -0.5481
2.706 6.5328 -7.0711 0.4375 0.25 0.1632 0.8203 -0.5481
-0 7.0711 -7.0711 0.5 0.25 0.1632 0.8203 -0.5481
-0 9.2388 -3.8268 0.5 0.375 0.1632 0.8203 -0.5481
2.706 6.5328 -7.0711 0.4375 0.25 0.1632 0.8203 -0.5481
-3.5355 8.5355 -3.8268 0.5625 0.375 -0.1632 0.8203 -0.5481
-0 9.2388 -3.8268 0.5 0.375 -0.1632 0.8203 -0.5481
-0 7.0711 -7.0711 0.5 0.25 -0.1632 0.8203 -0.5481
-2.706 6.5328 -7.0711 0.5625 0.25 -0.1632 0.8203 -0.5481
-3.5355 8.5355 -3.8268 0.5625 0.375 -0.1632 0.8203 -0.5481
-0 7.0711 -7.0711 0.5 0.25 -0.1632 0.8203 -0.5481
-6.5328 6.5328 -3.8268 0.625 0.375 -0.4647 0.6954 -0.5481
-3.5355 8.5355 -3.8268 0.5625 0.375 -0.4647 0.6954 -0.5481
-2.706 6.5328 -7.0711 0.5625 0.25 -0.4647 0.6954 -0.5481
-5 5 -7.0711 0.625 0.25 -0.4647 0.6954 -0.5481
-6.5328 6.5328 -3.8268 0.625 0.375 -0.4647 0.6954 -0.5481
-2.706 6.5328 -7.0711 0.5625 0.25 -0.4647 0.6954 -0.5481
-8.5355 3.5355 -3.8268 0.6875 0.375 -0.6954 0.4647 -0.5481
-6.5328 6.5328 -3.8268 0.625 0.375 -0.6954 0.4647 -0.5481
-5 5 -7.0711 0.625 0.25 -0.6954 0.4647 -0.5481
-6.5328 2.706 -7.0711 0.6875 0.25 -0.6954 0.4647 -0.5481
-8.5355 3.5355 -3.8268 0.6875 0.375 -0.6954 0.4647 -0.5481
-5 5 -7.0711 0.625 0.25 -0.6954 0.4647 -0.5481
-9.2388 -0 -3.8268 0.75 0.375 -0.8203 0.1632 -0.5481
-8.5355 3.5355 -3.8268 0.6875 0.375 -0.8203 0.1632 -0.5481
-6.5328 2.706 -7.0711 0.6875 0.25 -0.8203 0.1632 -0.5481
-7.0711 -0 -7.0711 0.75 0.25 -0.8203 0.1632 -0.5481
-9.2388 -0 -3.8268 0.75 0.375 -0.8203 0.1632 -0.5481
-6.5328 2.706 -7.0711 0.6875 0.25 -0.8203 0.1632 -0.5481
-8.5355 -3.5355 -3.8268 0.8125 0.375 -0.8203 -0.1632 -0.5481
-9.2388 -0 -3.8268 0.75 0.375 -0.8203 -0.1632 -0.5481
-7.0711 -0 -7.0711 0.75 0.25 -0.8203 -0.1632 -0.5481
-6.5328 -2.706 -7.0711 0.8125 0.25 -0.8203 -0.1632 -0.5481
-8.5355 -3.5355 -3.8268 0.8125 0.375 -0.8203 -0.1632 -0.5481
-7.0711 -0 -7.0711 0.75 0.25 -0.8203 -0.1632 -0.5481
-6.5328 -6.5328 -3.8268 0.875 0.375 -0.6954 -0.4647 -0.5481
-8.5355 -3.5355 -3.8268 0.8125 0.375 -0.6954 -0.4647 -0.5481
-6.5328 -2.706 -7.0711 0.8125 0.25 -0.6954 -0.4647 -0.5481
-5 -5 -7.0711 0.875 0.25 -0.6954 -0.4647 -0.5481
-6.5328 -6.5328 -3.8268 0.875 0.375 -0.6954 -0.4647 -0.5481
-6.5328 -2.706 -7.0711 0.8125 0.25 -0.6954 -0.4647 -0.5481
-3.5355 -8.5355 -3.8268 0.9375 0.375 -0.4647 -0.6954 -0.5481
-6.5328 -6.5328 -3.8268 0.875 0.375 -0.4647 -0.6954 -0.5481
-5 -5 -7.0711 0.875 0.25 -0.4647 -0.6954 -0.5481
-2.706 -6.5328 -7.0711 0.9375 0.25 -0.4647 -0.6954 -0.5481
-3.5355 -8.5355 -3.8268 0.9375 0.375 -0.4647 -0.6954 -0.5481
-5 -5 -7.0711 0.875 0.25 -0.4647 -0.6954 -0.5481
0 -9.2388 -3.8268 1 0.375 -0.1632 -0.8203 -0.5481
-3.5355 -8.5355 -3.8268 0.9375 0.375 -0.1632 -0.8203 -0.5481
-2.706 -6.5328 -7.0711 0.9375 0.25 -0.1632 -0.8203 -0.5481
0 -7.0711 -7.0711 1 0.25 -0.1632 -0.8203 -0.5481
0 -9.2388 -3.8268 1 0.375 -0.1632 -0.8203 -0.5481
-2.706 -6.5328 -7.0711 0.9375 0.25 -0.1632 -0.8203 -0.5481
3.8268 -9.2388 0 0.0625 0.5 0.1915 -0.9626 -0.1915
0 -10 0 0 0.5 0.1915 -0.9626 -0.1915
0 -9.2388 -3.8268 0 0.375 0.1915 -0.9626 -0.1915
3.5355 -8.5355 -3.8268 0.0625 0.375 0.1915 -0.9626 -0.1915
3.8268 -9.2388 0 0.0625 0.5 0.1915 -0.9626 -0.1915
0 -9.2388 -3.8268 0 0.375 0.1915 -0.9626 -0.1915
7.0711 -7.0711 0 0.125 0.5 0.5453 -0.8161 -0.1915
3.8268 -9.2388 0 0.0625 0.5 0.5453 -0.8161 -0.1915
3.5355 -8.5355 -3.8268 0.0625 0.375 0.5453 -0.8161 -0.1915
6.5328 -6.5328 -3.8268 0.125 0.375 0.5453 -0.8161 -0.1915
7.0711 -7.0711 0 0.125 0.5 0.5453 -0.8161 -0.1915
3.5355 -8.5355 -3.8268 0.0625 0.375 0.5453 -0.8161 -0.1915
9.2388 -3.8268 0 0.1875 0.5 0.8161 -0.5453 -0.1915
7.0711 -7.0711 0 0.125 0.5 0.8161 -0.5453 -0.1915
6.5328 -6.5328 -3.8268 0.125 0.375 0.8161 -0.5453 -0.1915
8.5355 -3.5355 -3.8268 0.1875 0.375 0.8161 -0.5453 -0.1915
9.2388 -3.8268 0 0.1875 0.5 0.8161 -0.5453 -0.1915
6.5328 -6.5328 -3.8268 0.125 0.375 0.8161 -0.5453 -0.1915
10 0 0 0.25 0.5 0.9626 -0.1915 -0.1915
9.2388 -3.8268 0 0.1875 0.5 0.9626 -0.1915 -0.1915
8.5355 -3.5355 -3.8268 0.1875 0.375 0.9626 -0.1915 -0.1915
9.2388 0 -3.8268 0.25 0.375 0.9626 -0.1915 -0.1915
10 0 0 0.25 0.5 0.9626 -0.1915 -0.1915
8.5355 -3.5355 -3.8268 0.1875 0.375 0.9626 -0.1915 -0.1915
9.2388 3.8268 0 0.3125 0.5 0.9626 0.1915 -0.1915
10 0 0 0.25 0.5 0.9626 0.1915 -0.1915
9.2388 0 -3.8268 0.25 0.375 0.9626 0.1915 -0.1915
8.5355 3.5355 -3.8268 0.3125 0.375 0.9626 0.1915 -0.1915
9.2388 3.8268 0 0.3125 0.5 0.9626 0.1915 -0.1915
9.2388 0 -3.8268 0.25 0.375 0.9626 0.1915 -0.1915
7.0711 7.0711 0 0.375 0.5 0.8161 0.5453 -0.1915
9.2388 3.8268 0 0.3125 0.5 0.8161 0.5453 -0.1915
8.5355 3.5355 -3.8268 0.3125 0.375 0.8161 0.5453 -0.1915
6.5328 6.5328 -3.8268 0.375 0.375 0.8161 0.5453 -0.1915
7.0711 7.0711 0 0.375 0.5 0.8161 0.5453 -0.1915
8.5355 3.5355 -3.8268 0.3125 0.375 0.8161 0.5453 -0.1915
3.8268 9.2388 0 0.4375 0.5 0.5453 0.8161 -0.1915
7.0711 7.0711 0 0.375 0.5 0.5453 0.8161 -0.1915
6.5328 6.5328 -3.8268 0.375 0.375 0.5453 0.8161 -0.1915
3.5355 8.5355 -3.8268 0.4375 0.375 0.5453 0.8161 -0.1915
3.8268 9.2388 0 0.4375 0.5 0.5453 0.8161 -0.1915
6.5328 6.5328 -3.8268 0.375 0.375 0.5453 0.8161 -0.1915
-0 10 0 0.5 0.5 0.1915 0.9626 -0.1915
3.8268 9.2388 0 0.4375 0.5 0.1915 0.9626 -0.1915
3.5355 8.5355 -3.8268 0.4375 0.375 0.1915 0.9626 -0.1915
-0 9.2388 -3.8268 0.5 0.375 0.1915 0.9626 -0.1915
-0 10 0 0.5 0.5 0.1915 0.9626 -0.1915
3.5355 8.5355 -3.8268 0.4375 0.375 0.1915 0.9626 -0.1915
-3.8268 9.2388 0 0.5625 0.5 -0.1915 0.9626 -0.1915
-0 10 0 0.5 0.5 -0.1915 0.9626 -0.1915
-0 9.2388 -3.8268 0.5 0.375 -0.1915 0.9626 -0.1915
-3.5355 8.5355 -3.8268 0.5625 0.375 -0.1915 0.9626 -0.1915
-3.8268 9.2388 0 0.5625 0.5 -0.1915 0.9626 -0.1915
-0 9.2388 -3.8268 0.5 0.375 -0.1915 0.9626 -0.1915
-7.0711 7.0711 0 0.625 0.5 -0.5453 0.8161 -0.1915
-3.8268 9.2388 0 0.5625 0.5 -0.5453 0.8161 -0.1915
-3.5355 8.5355 -3.8268 0.5625 0.375 -0.5453 0.8161 -0.1915
-6.5328 6.5328 -3.8268 0.625 0.375 -0.5453 0.8161 -0.1915
-7.0711 7.0711 0 0.625 0.5 -0.5453 0.8161 -0.1915
-3.5355 8.5355 -3.8268 0.5625 0.375 -0.5453 0.8161 -0.1915
-9.2388 3.8268 0 0.6875 0.5 -0.8161 0.5453 -0.1915
-7.0711 7.0711 0 0.625 0.5 -0.8161 0.5453 -0.1915
-6.5328 6.5328 -3.8268 0.625 0.375 -0.8161 0.5453 -0.1915
-8.5355 3.5355 -3.8268 0.6875 0.375 -0.8161 0.5453 -0.1915
-9.2388 3.8268 0 0.6875 0.5 -0.8161 0.5453 -0.1915
-6.5328 6.5328 -3.8268 0.625 0.375 -0.8161 0.5453 -0.1915
-10 -0 0 0.75 0.5 -0.9626 0.1915 -0.1915
-9.2388 3.8268 0 0.6875 0.5 -0.9626 0.1915 -0.1915
-8.5355 3.5355 -3.8268 0.6875 0.375 -0.9626 0.1915 -0.1915
-9.2388 -0 -3.8268 0.75 0.375 -0.9626 0.1915 -0.1915
-10 -0 0 0.75 0.5 -0.9626 0.1915 -0.1915
-8.5355 3.5355 -3.8268 0.6875 0.375 -0.9626 0.1915 -0.1915
-9.2388 -3.8268 0 0.8125 0.5 -0.9626 -0.1915 -0.1915
-10 -0 0 0.75 0.5 -0.9626 -0.1915 -0.1915
-9.2388 -0 -3.8268 0.75 0.375 -0.9626 -0.1915 -0.1915
-8.5355 -3.5355 -3.8268 0.8125 0.375 -0.9626 -0.1915 -0.1915
-9.2388 -3.8268 0 0.8125 0.5 -0.9626 -0.1915 -0.1915
-9.2388 -0 -3.8268 0.75 0.375 -0.9626 -0.1915 -0.1915
-7.0711 -7.0711 0 0.875 0.5 -0.8161 -0.5453 -0.1915
-9.2388 -3.8268 0 0.8125 0.5 -0.8161 -0.5453 -0.1915
-8.5355 -3.5355 -3.8268 0.8125 0.375 -0.8161 -0.5453 -0.1915
-6.5328 -6.5328 -3.8268 0.875 0.375 -0.8161 -0.5453 -0.1915
-7.0711 -7.0711 0 0.875 0.5 -0.8161 -0.5453 -0.1915
-8.5355 -3.5355 -3.8268 0.8125 0.375 -0.8161 -0.5453 -0.1915
-3.8268 -9.2388 0 0.9375 0.5 -0.5453 -0.8161 -0.1915
-7.0711 -7.0711 0 0.875 0.5 -0.5453 -0.8161 -0.1915
-6.5328 -6.5328 -3.8268 0.875 0.375 -0.5453 -0.8161 -0.1915
-3.5355 -8.5355 -3.8268 0.9375 0.375 -0.5453 -0.8161 -0.1915
-3.8268 -9.2388 0 0.9375 0.5 -0.5453 -0.8161 -0.1915
-6.5328 -6.5328 -3.8268 0.875 0.375 -0.5453 -0.8161 -0.1915
0 -10 0 1 0.5 -0.1915 -0.9626 -0.1915
-3.8268 -9.2388 0 0.9375 0.5 -0.1915 -0.9626 -0.1915
-3.5355 -8.5355 -3.8268 0.9375 0.375 -0.1915 -0.9626 -0.1915
0 -9.2388 -3.8268 1 0.375 -0.1915 -0.9626 -0.1915
0 -10 0 1 0.5 -0.1915 -0.9626 -0.1915
-3.5355 -8.5355 -3.8268 0.9375 0.375 -0.1915 -0.9626 -0.1915
3.5355 -8.5355 3.8268 0.0625 0.625 0.1915 -0.9626 0.1915
0 -9.2388 3.8268 0 0.625 0.1915 -0.9626 0.1915
0 -10 0 0 0.5 0.1915 -0.9626 0.1915
3.8268 -9.2388 0 0.0625 0.5 0.1915 -0.9626 0.1915
3.5355 -8.5355 3.8268 0.0625 0.625 0.1915 -0.9626 0.1915
0 -10 0 0 0.5 0.1915 -0.9626 0.1915
6.5328 -6.5328 3.8268 0.125 0.625 0.5453 -0.8161 0.1915
3.5355 -8.5355 3.8268 0.0625 0.625 0.5453 -0.8161 0.1915
3.8268 -9.2388 0 0.0625 0.5 0.5453 -0.8161 0.1915
7.0711 -7.0711 0 0.125 0.5 0.5453 -0.8161 0.1915
6.5328 -6.5328 3.8268 0.125 0.625 0.5453 -0.8161 0.1915
3.8268 -9.2388 0 0.0625 0.5 0.5453 -0.8161 0.1915
8.5355 -3.5355 3.8268 0.1875 0.625 0.8161 -0.5453 0.1915
6.5328 -6.5328 3.8268 0.125 0.625 0.8161 -0.5453 0.1915
7.0711 -7.0711 0 0.125 0.5 0.8161 -0.5453 0.1915
9.2388 -3.8268 0 0.1875 0.5 0.8161 -0.5453 0.1915
8.5355 -3.5355 3.8268 0.1875 0.625 0.8161 -0.5453 0.1915
7.0711 -7.0711 0 0.125 0.5 0.8161 -0.5453 0.1915
9.2388 0 3.8268 0.25 0.625 0.9626 -0.1915 0.1915
8.5355 -3.5355 3.8268 0.1875 0.625 0.9626 -0.1915 0.1915
9.2388 -3.8268 0 0.1875 0.5 0.9626 -0.1915 0.1915
10 0 0 0.25 0.5 0.9626 -0.1915 0.1915
9.2388 0 3.8268 0.25 0.625 0.9626 -0.1915 0.1915
9.2388 -3.8268 0 0.1875 0.5 0.9626 -0.1915 0.1915
8.5355 3.5355 3.8268 0.3125 0.625 0.9626 0.1915 0.1915
9.2388 0 3.8268 0.25 0.625 0.9626 0.1915 0.1915
10 0 0 0.25 0.5 0.9626 0.1915 0.1915
9.2388 3.8268 0 0.3125 0.5 0.9626 0.1915 0.1915
8.5355 3.5355 3.8268 0.3125 0.625 0.9626 0.1915 0.1915
10 0 0 0.25 0.5 0.9626 0.1915 0.1915
6.5328 6.5328 3.8268 0.375 0.625 0.8161 0.5453 0.1915
8.5355 3.5355 3.8268 0.3125 0.625 0.8161 0.5453 0.1915
9.2388 3.8268 0 0.3125 0.5 0.8161 0.5453 0.1915
7.0711 7.0711 0 0.375 0.5 0.8161 0.5453 0.1915
6.5328 6.5328 3.8268 0.375 0.625 0.8161 0.5453 0.1915
9.2388 3.8268 0 0.3125 0.5 0.8161 0.5453 0.1915
3.5355 8.5355 3.8268 0.4375 0.625 0.5453 0.8161 0.1915
6.5328 6.5328 3.8268 0.375 0.625 0.5453 0.8161 0.1915
7.0711 7.0711 0 0.375 0.5 0.5453 0.8161 0.1915
3.8268 9.2388 0 0.4375 0.5 0.5453 0.8161 0.1915
3.5355 8.5355 3.8268 0.4375 0.625 0.5453 0.8161 0.1915
7.0711 7.0711 0 0.375 0.5 0.5453 0.8161 0.1915
-0 9.2388 3.8268 0.5 0.625 0.1915 0.9626 0.1915
3.5355 8.5355 3.8268 0.4375 0.625 0.1915 0.9626 0.1915
3.8268 9.2388 0 0.4375 0.5 0.1915 0.9626 0.1915
-0 10 0 0.5 0.5 0.1915 0.9626 0.1915
-0 9.2388 3.8268 0.5 0.625 0.1915 0.9626 0.1915
3.8268 9.2388 0 0.4375 0.5 0.1915 0.9626 0.1915
-3.5355 8.5355 3.8268 0.5625 0.625 -0.1915 0.9626 0.1915
-0 9.2388 3.8268 0.5 0.625 -0.1915 0.9626 0.1915
-0 10 0 0.5 0.5 -0.1915 0.9626 0.1915
-3.8268 9.2388 0 0.5625 0.5 -0.1915 0.9626 0.1915
-3.5355 8.5355 3.8268 0.5625 0.625 -0.1915 0.9626 0.1915
-0 10 0 0.5 0.5 -0.1915 0.9626 0.1915
-6.5328 6.5328 3.8268 0.625 0.625 -0.5453 0.8161 0.1915
-3.5355 8.5355 3.8268 0.5625 0.625 -0.5453 0.8161 0.1915
-3.8268 9.2388 0 0.5625 0.5 -0.5453 0.8161 0.1915
-7.0711 7.0711 0 0.625 0.5 -0.5453 0.8161 0.1915
-6.5328 6.5328 3.8268 0.625 0.625 -0.5453 0.8161 0.1915
-3.8268 9.2388 0 0.5625 0.5 -0.5453 0.8161 0.1915
-8.5355 3.5355 3.8268 0.6875 0.625 -0.8161 0.5453 0.1915
-6.5328 6.5328 3.8268 0.625 0.625 -0.8161 0.5453 0.1915
-7.0711 7.0711 0 0.625 0.5 -0.8161 0.5453 0.1915
-9.2388 3.8268 0 0.6875 0.5 -0.8161 0.5453 0.1915
-8.5355 3.5355 3.8268 0.6875 0.625 -0.8161 0.5453 0.1915
-7.0711 7.0711 0 0.625 0.5 -0.8161 0.5453 0.1915
-9.2388 -0 3.8268 0.75 0.625 -0.9626 0.1915 0.1915
-8.5355 3.5355 3.8268 0.6875 0.625 -0.9626 0.1915 0.1915
-9.2388 3.8268 0 0.6875 0.5 -0.9626 0.1915 0.1915
-10 -0 0 0.75 0.5 -0.9626 0.1915 0.1915
-9.2388 -0 3.8268 0.75 0.625 -0.9626 0.1915 0.1915
-9.2388 3.8268 0 0.6875 0.5 -0.9626 0.1915 0.1915
-8.5355 -3.5355 3.8268 0.8125 0.625 -0.9626 -0.1915 0.1915
-9.2388 -0 3.8268 0.75 0.625 -0.9626 -0.1915 0.1915
-10 -0 0 0.75 0.5 -0.9626 -0.1915 0.1915
-9.2388 -3.8268 0 0.8125 0.5 -0.9626 -0.1915 0.1915
-8.5355 -3.5355 3.8268 0.8125 0.625 -0.9626 -0.1915 0.1915
-10 -0 0 0.75 0.5 -0.9626 -0.1915 0.1915
-6.5328 -6.5328 3.8268 0.875 0.625 -0.8161 -0.5453 0.1915
-8.5355 -3.5355 3.8268 0.8125 0.625 -0.8161 -0.5453 0.1915
-9.2388 -3.8268 0 0.8125 0.5 -0.8161 -0.5453 0.1915
-7.0711 -7.0711 0 0.875 0.5 -0.8161 -0.5453 0.1915
-6.5328 -6.5328 3.8268 0.875 0.625 -0.8161 -0.5453 0.1915
-9.2388 -3.8268 0 0.8125 0.5 -0.8161 -0.5453 0.1915
-3.5355 -8.5355 3.8268 0.9375 0.625 -0.5453 -0.8161 0.1915
-6.5328 -6.5328 3.8268 0.875 0.625 -0.5453 -0.8161 0.1915
-7.0711 -7.0711 0 0.875 0.5 -0.5453 -0.8161 0.1915
-3.8268 -9.2388 0 0.9375 0.5 -0.5453 -0.8161 0.1915
-3.5355 -8.5355 3.8268 0.9375 0.625 -0.5453 -0.8161 0.1915
-7.0711 -7.0711 0 0.875 0.5 -0.5453 -0.8161 0.1915
0 -9.2388 3.8268 1 0.625 -0.1915 -0.9626 0.1915
-3.5355 -8.5355 3.8268 0.9375 0.625 -0.1915 -0.9626 0.1915
-3.8268 -9.2388 0 0.9375 0.5 -0.1915 -0.9626 0.1915
0 -10 0 1 0.5 -0.1915 -0.9626 0.1915
0 -9.2388 3.8268 1 0.625 -0.1915 -0.9626 0.1915
-3.8268 -9.2388 0 0.9375 0.5 -0.1915 -0.9626 0.1915
2.706 -6.5328 7.0711 0.0625 0.75 0.1632 -0.8203 0.5481
0 -7.0711 7.0711 0 0.75 0.1632 -0.8203 0.5481
0 -9.2388 3.8268 0 0.625 0.1632 -0.8203 0.5481
3.5355 -8.5355 3.8268 0.0625 0.625 0.1632 -0.8203 0.5481
2.706 -6.5328 7.0711 0.0625 0.75 0.1632 -0.8203 0.5481
0 -9.2388 3.8268 0 0.625 0.1632 -0.8203 0.5481
5 -5 7.0711 0.125 0.75 0.4647 -0.6954 0.5481
2.706 -6.5328 7.0711 0.0625 0.75 0.4647 -0.6954 0.5481
3.5355 -8.5355 3.8268 0.0625 0.625 0.4647 -0.6954 0.5481
6.5328 -6.5328 3.8268 0.125 0.625 0.4647 -0.6954 0.5481
5 -5 7.0711 0.125 0.75 0.4647 -0.6954 0.5481
3.5355 -8.5355 3.8268 0.0625 0.625 0.4647 -0.6954 0.5481
6.5328 -2.706 7.0711 0.1875 0.75 0.6954 -0.4647 0.5481
5 -5 7.0711 0.125 0.75 0.6954 -0.4647 0.5481
6.5328 -6.5328 3.8268 0.125 0.625 0.6954 -0.4647 0.5481
8.5355 -3.5355 3.8268 0.1875 0.625 0.6954 -0.4647 0.5481
6.5328 -2.706 7.0711 0.1875 0.75 0.6954 -0.4647 0.5481
6.5328 -6.5328 3.8268 0.125 0.625 0.6954 -0.4647 0.5481
7.0711 0 7.0711 0.25 0.75 0.8203 -0.1632 0.5481
6.5328 -2.706 7.0711 0.1875 0.75 0.8203 -0.1632 0.5481
8.5355 -3.5355 3.8268 0.1875 0.625 0.8203 -0.1632 0.5481
9.2388 0 3.8268 0.25 0.625 0.8203 -0.1632 0.5481
7.0711 0 7.0711 0.25 0.75 0.8203 -0.1632 0.5481
8.5355 -3.5355 3.8268 0.1875 0.625 0.8203 -0.1632 0.5481
6.5328 2.706 7.0711 0.3125 0.75 0.8203 0.1632 0.5481
7.0711 0 7.0711 0.25 0.75 0.8203 0.1632 0.5481
9.2388 0 3.8268 0.25 0.625 0.8203 0.1632 0.5481
8.5355 3.5355 3.8268 0.3125 0.625 0.8203 0.1632 0.5481
6.5328 2.706 7.0711 0.3125 0.75 0.8203 0.1632 0.5481
9.2388 0 3.8268 0.25 0.625 0.8203 0.1632 0.5481
5 5 7.0711 0.375 0.75 0.6954 0.4647 0.5481
6.5328 2.706 7.0711 0.3125 0.75 0.6954 0.4647 0.5481
8.5355 3.5355 3.8268 0.3125 0.625 0.6954 0.4647 0.5481
6.5328 6.5328 3.8268 0.375 0.625 0.6954 0.4647 0.5481
5 5 7.0711 0.375 0.75 0.6954 0.4647 0.5481
8.5355 3.5355 3.8268 0.3125 0.625 0.6954 0.4647 0.5481
2.706 6.5328 7.0711 0.4375 0.75 0.4647 0.6954 0.5481
5 5 7.0711 0.375 0.75 0.4647 0.6954 0.5481
6.5328 6.5328 3.8268 0.375 0.625 0.4647 0.6954 0.5481
3.5355 8.5355 3.8268 0.4375 0.625 0.4647 0.6954 0.5481
2.706 6.5328 7.0711 0.4375 0.75 0.4647 0.6954 0.5481
6.5328 6.5328 3.8268 0.375 0.625 0.4647 0.6954 0.5481
-0 7.0711 7.0711 0.5 0.75 0.1632 0.8203 0.5481
2.706 6.5328 7.0711 0.4375 0.75 0.1632 0.8203 0.5481
3.5355 8.5355 3.8268 0.4375 0.625 0.1632 0.8203 0.5481
-0 9.2388 3.8268 0.5 0.625 0.1632 0.8203 0.5481
-0 7.0711 7.0711 0.5 0.75 0.1632 0.8203 0.5481
3.5355 8.5355 3.8268 0.4375 0.625 0.1632 0.8203 0.5481
-2.706 6.5328 7.0711 0.5625 0.75 -0.1632 0.8203 0.5481
-0 7.0711 7.0711 0.5 0.75 -0.1632 0.8203 0.5481
-0 9.2388 3.8268 0.5 0.625 -0.1632 0.8203 0.5481
-3.5355 8.5355 3.8268 0.5625 0.625 -0.1632 0.8203 0.5481
-2.706 6.5328 7.0711 0.5625 0.75 -0.1632 0.8203 0.5481
-0 9.2388 3.8268 0.5 0.625 -0.1632 0.8203 0.5481
-5 5 7.0711 0.625 0.75 -0.4647 0.6954 0.5481
-2.706 6.5328 7.0711 0.5625 0.75 -0.4647 0.6954 0.5481
-3.5355 8.5355 3.8268 0.5625 0.625 -0.4647 0.6954 0.5481
-6.5328 6.5328 3.8268 0.625 0.625 -0.4647 0.6954 0.5481
-5 5 7.0711 0.625 0.75 -0.4647 0.6954 0.5481
-3.5355 8.5355 3.8268 0.5625 0.625 -0.4647 0.6954 0.5481
-6.5328 2.706 7.0711 0.6875 0.75 -0.6954 0.4647 0.5481
-5 5 7.0711 0.625 0.75 -0.6954 0.4647 0.5481
-6.5328 6.5328 3.8268 0.625 0.625 -0.6954 0.4647 0.5481
-8.5355 3.5355 3.8268 0.6875 0.625 -0.6954 0.4647 0.5481
-6.5328 2.706 7.0711 0.6875 0.75 -0.6954 0.4647 0.5481
-6.5328 6.5328 3.8268 0.625 0.625 -0.6954 0.4647 0.5481
-7.0711 -0 7.0711 0.75 0.75 -0.8203 0.1632 0.5481
-6.5328 2.706 7.0711 0.6875 0.75 -0.8203 0.1632 0.5481
-8.5355 3.5355 3.8268 0.6875 0.625 -0.8203 0.1632 0.5481
-9.2388 -0 3.8268 0.75 0.625 -0.8203 0.1632 0.5481
-7.0711 -0 7.0711 0.75 0.75 -0.8203 0.1632 0.5481
-8.5355 3.5355 3.8268 0.6875 0.625 -0.8203 0.1632 0.5481
-6.5328 -2.706 7.0711 0.8125 0.75 -0.8203 -0.1632 0.5481
-7.0711 -0 7.0711 0.75 0.75 -0.8203 -0.1632 0.5481
-9.2388 -0 3.8268 0.75 0.625 -0.8203 -0.1632 0.5481
-8.5355 -3.5355 3.8268 0.8125 0.625 -0.8203 -0.1632 0.5481
-6.5328 -2.706 7.0711 0.8125 0.75 -0.8203 -0.1632 0.5481
-9.2388 -0 3.8268 0.75 0.625 -0.8203 -0.1632 0.5481
-5 -5 7.0711 0.875 0.75 -0.6954 -0.4647 0.5481
-6.5328 -2.706 7.0711 0.8125 0.75 -0.6954 -0.4647 0.5481
-8.5355 -3.5355 3.8268 0.8125 0.625 -0.6954 -0.4647 0.5481
-6.5328 -6.5328 3.8268 0.875 0.625 -0.6954 -0.4647 0.5481
-5 -5 7.0711 0.875 0.75 -0.6954 -0.4647 0.5481
-8.5355 -3.5355 3.8268 0.8125 0.625 -0.6954 -0.4647 0.5481
-2.706 -6.5328 7.0711 0.9375 0.75 -0.4647 -0.6954 0.5481
-5 -5 7.0711 0.875 0.75 -0.4647 -0.6954 0.5481
-6.5328 -6.5328 3.8268 0.875 0.625 -0.4647 -0.6954 0.5481
-3.5355 -8.5355 3.8268 0.9375 0.625 -0.4647 -0.6954 0.5481
-2.706 -6.5328 7.0711 0.9375 0.75 -0.4647 -0.6954 0.5481
-6.5328 -6.5328 3.8268 0.875 0.625 -0.4647 -0.6954 0.5481
0 -7.0711 7.0711 1 0.75 -0.1632 -0.8203 0.5481
-2.706 -6.5328 7.0711 0.9375 0.75 -0.1632 -0.8203 0.5481
-3.5355 -8.5355 3.8268 0.9375 0.625 -0.1632 -0.8203 0.5481
0 -9.2388 3.8268 1 0.625 -0.1632 -0.8203 0.5481
0 -7.0711 7.0711 1 0.75 -0.1632 -0.8203 0.5481
-3.5355 -8.5355 3.8268 0.9375 0.625 -0.1632 -0.8203 0.5481
1.4645 -3.5355 9.2388 0.0625 0.875 0.1098 -0.5522 0.8264
0 -3.8268 9.2388 0 0.875 0.1098 -0.5522 0.8264
0 -7.0711 7.0711 0 0.75 0.1098 -0.5522 0.8264
2.706 -6.5328 7.0711 0.0625 0.75 0.1098 -0.5522 0.8264
1.4645 -3.5355 9.2388 0.0625 0.875 0.1098 -0.5522 0.8264
0 -7.0711 7.0711 0 0.75 0.1098 -0.5522 0.8264
2.706 -2.706 9.2388 0.125 0.875 0.3128 -0.4681 0.8264
1.4645 -3.5355 9.2388 0.0625 0.875 0.3128 -0.4681 0.8264
2.706 -6.5328 7.0711 0.0625 0.75 0.3128 -0.4681 0.8264
5 -5 7.0711 0.125 0.75 0.3128 -0.4681 0.8264
2.706 -2.706 9.2388 0.125 0.875 0.3128 -0.4681 0.8264
2.706 -6.5328 7.0711 0.0625 0.75 0.3128 -0.4681 0.8264
3.5355 -1.4645 9.2388 0.1875 0.875 0.4681 -0.3128 0.8264
2.706 -2.706 9.2388 0.125 0.875 0.4681 -0.3128 0.8264
5 -5 7.0711 0.125 0.75 0.4681 -0.3128 0.8264
6.5328 -2.706 7.0711 0.1875 0.75 0.4681 -0.3128 0.8264
3.5355 -1.4645 9.2388 0.1875 0.875 0.4681 -0.3128 0.8264
5 -5 7.0711 0.125 0.75 0.4681 -0.3128 0.8264
3.8268 0 9.2388 0.25 0.875 0.5522 -0.1098 0.8264
3.5355 -1.4645 9.2388 0.1875 0.875 0.5522 -0.1098 0.8264
6.5328 -2.706 7.0711 0.1875 0.75 0.5522 -0.1098 0.8264
7.0711 0 7.0711 0.25 0.75 0.5522 -0.1098 0.8264
3.8268 0 9.2388 0.25 0.875 0.5522 -0.1098 0.8264
6.5328 -2.706 7.0711 0.1875 0.75 0.5522 -0.1098 0.8264
3.5355 1.4645 9.2388 0.3125 0.875 0.5522 0.1098 0.8264
3.8268 0 9.2388 0.25 0.875 0.5522 0.1098 0.8264
7.0711 0 7.0711 0.25 0.75 0.5522 0.1098 0.8264
6.5328 2.706 7.0711 0.3125 0.75 0.5522 0.1098 0.8264
3.5355 1.4645 9.2388 0.3125 0.875 0.5522 0.1098 0.8264
7.0711 0 7.0711 0.25 0.75 0.5522 0.1098 0.8264
2.706 2.706 9.2388 0.375 0.875 0.4681 0.3128 0.8264
3.5355 1.4645 9.2388 0.3125 0.875 0.4681 0.3128 0.8264
6.5328 2.706 7.0711 0.3125 0.75 0.4681 0.3128 0.8264
5 5 7.0711 0.375 0.75 0.4681 0.3128 0.8264
2.706 2.706 9.2388 0.375 0.875 0.4681 0.3128 0.8264
6.5328 2.706 7.0711 0.3125 0.75 0.4681 0.3128 0.8264
1.4645 3.5355 9.2388 0.4375 0.875 0.3128 0.4681 0.8264
2.706 2.706 9.2388 0.375 0.875 0.3128 0.4681 0.8264
5 5 7.0711 0.375 0.75 0.3128 0.4681 0.8264
2.706 6.5328 7.0711 0.4375 0.75 0.3128 0.4681 0.8264
1.4645 3.5355 9.2388 0.4375 0.875 0.3128 0.4681 0.8264
5 5 7.0711 0.375 0.75 0.3128 0.4681 0.8264
-0 3.8268 9.2388 0.5 0.875 0.1098 0.5522 0.8264
1.4645 3.5355 9.2388 0.4375 0.875 0.1098 0.5522 0.8264
2.706 6.5328 7.0711 0.4375 0.75 0.1098 0.5522 0.8264
-0 7.0711 7.0711 0.5 0.75 0.1098 0.5522 0.8264
-0 3.8268 9.2388 0.5 0.875 0.1098 0.5522 0.8264
2.706 6.5328 7.0711 0.4375 0.75 0.1098 0.5522 0.8264
-1.4645 3.5355 9.2388 0.5625 0.875 -0.1098 0.5522 0.8264
-0 3.8268 9.2388 0.5 0.875 -0.1098 0.5522 0.8264
-0 7.0711 7.0711 0.5 0.75 -0.1098 0.5522 0.8264
-2.706 6.5328 7.0711 0.5625 0.75 -0.1098 0.5522 0.8264
-1.4645 3.5355 9.2388 0.5625 0.875 -0.1098 0.5522 0.8264
-0 7.0711 7.0711 0.5 0.75 -0.1098 0.5522 0.8264
-2.706 2.706 9.2388 0.625 0.875 -0.3128 0.4681 0.8264
-1.4645 3.5355 9.2388 0.5625 0.875 -0.3128 0.4681 0.8264
-2.706 6.5328 7.0711 0.5625 0.75 -0.3128 0.4681 0.8264
-5 5 7.0711 0.625 0.75 -0.3128 0.4681 0.8264
-2.706 2.706 9.2388 0.625 0.875 -0.3128 0.4681 0.8264
-2.706 6.5328 7.0711 0.5625 0.75 -0.3128 0.4681 0.8264
-3.5355 1.4645 9.2388 0.6875 0.875 -0.4681 0.3128 0.8264
-2.706 2.706 9.2388 0.625 0.875 -0.4681 0.3128 0.8264
-5 5 7.0711 0.625 0.75 -0.4681 0.3128 0.8264
-6.5328 2.706 7.0711 0.6875 0.75 -0.4681 0.3128 0.8264
-3.5355 1.4645 9.2388 0.6875 0.875 -0.4681 0.3128 0.8264
-5 5 7.0711 0.625 0.75 -0.4681 0.3128 0.8264
-3.8268 -0 9.2388 0.75 0.875 -0.5522 0.1098 0.8264
-3.5355 1.4645 9.2388 0.6875 0.875 -0.5522 0.1098 0.8264
-6.5328 2.706 7.0711 0.6875 0.75 -0.5522 0.1098 0.8264
-7.0711 -0 7.0711 0.75 0.75 -0.5522 0.1098 0.8264
-3.8268 -0 9.2388 0.75 0.875 -0.5522 0.1098 0.8264
-6.5328 2.706 7.0711 0.6875 0.75 -0.5522 0.1098 0.8264
-3.5355 -1.4645 9.2388 0.8125 0.875 -0.5522 -0.1098 0.8264
-3.8268 -0 9.2388 0.75 0.875 -0.5522 -0.1098 0.8264
-7.0711 -0 7.0711 0.75 0.75 -0.5522 -0.1098 0.8264
-6.5328 -2.706 7.0711 0.8125 0.75 -0.5522 -0.1098 0.8264
-3.5355 -1.4645 9.2388 0.8125 0.875 -0.5522 -0.1098 0.8264
-7.0711 -0 7.0711 0.75 0.75 -0.5522 -0.1098 0.8264
-2.706 -2.706 9.2388 0.875 0.875 -0.4681 -0.3128 0.8264
-3.5355 -1.4645 9.2388 0.8125 0.875 -0.4681 -0.3128 0.8264
-6.5328 -2.706 7.0711 0.8125 0.75 -0.4681 -0.3128 0.8264
-5 -5 7.0711 0.875 0.75 -0.4681 -0.3128 0.8264
-2.706 -2.706 9.2388 0.875 0.875 -0.4681 -0.3128 0.8264
-6.5328 -2.706 7.0711 0.8125 0.75 -0.4681 -0.3128 0.8264
-1.4645 -3.5355 9.2388 0.9375 0.875 -0.3128 -0.4681 0.8264
-2.706 -2.706 9.2388 0.875 0.875 -0.3128 -0.4681 0.8264
-5 -5 7.0711 0.875 0.75 -0.3128 -0.4681 0.8264
-2.706 -6.5328 7.0711 0.9375 0.75 -0.3128 -0.4681 0.8264
-1.4645 -3.5355 9.2388 0.9375 0.875 -0.3128 -0.4681 0.8264
-5 -5 7.0711 0.875 0.75 -0.3128 -0.4681 0.8264
0 -3.8268 9.2388 1 0.875 -0.1098 -0.5522 0.8264
-1.4645 -3.5355 9.2388 0.9375 0.875 -0.1098 -0.5522 0.8264
-2.706 -6.5328 7.0711 0.9375 0.75 -0.1098 -0.5522 0.8264
0 -7.0711 7.0711 1 0.75 -0.1098 -0.5522 0.8264
0 -3.8268 9.2388 1 0.875 -0.1098 -0.5522 0.8264
-2.706 -6.5328 7.0711 0.9375 0.75 -0.1098 -0.5522 0.8264
0 -3.8268 9.2388 0 0.875 0.0388 -0.1949 0.98
1.4645 -3.5355 9.2388 0.0625 0.875 0.0388 -0.1949 0.98
0 0 10 0 1 0.0388 -0.1949 0.98
1.4645 -3.5355 9.2388 0.0625 0.875 0.1104 -0.1653 0.98
2.706 -2.706 9.2388 0.125 0.875 0.1104 -0.1653 0.98
0 0 10 0.0625 1 0.1104 -0.1653 0.98
2.706 -2.706 9.2388 0.125 0.875 0.1653 -0.1104 0.98
3.5355 -1.4645 9.2388 0.1875 0.875 0.1653 -0.1104 0.98
0 0 10 0.125 1 0.1653 -0.1104 0.98
3.5355 -1.4645 9.2388 0.1875 0.875 0.1949 -0.0388 0.98
3.8268 0 9.2388 0.25 0.875 0.1949 -0.0388 0.98
0 0 10 0.1875 1 0.1949 -0.0388 0.98
3.8268 0 9.2388 0.25 0.875 0.1949 0.0388 0.98
3.5355 1.4645 9.2388 0.3125 0.875 0.1949 0.0388 0.98
0 0 10 0.25 1 0.1949 0.0388 0.98
3.5355 1.4645 9.2388 0.3125 0.875 0.1653 0.1104 0.98
2.706 2.706 9.2388 0.375 0.875 0.1653 0.1104 0.98
0 0 10 0.3125 1 0.1653 0.1104 0.98
2.706 2.706 9.2388 0.375 0.875 0.1104 0.1653 0.98
1.4645 3.5355 9.2388 0.4375 0.875 0.1104 0.1653 0.98
0 0 10 0.375 1 0.1104 0.1653 0.98
1.4645 3.5355 9.2388 0.4375 0.875 0.0388 0.1949 0.98
-0 3.8268 9.2388 0.5 0.875 0.0388 0.1949 0.98
0 0 10 0.4375 1 0.0388 0.1949 0.98
-0 3.8268 9.2388 0.5 0.875 -0.0388 0.1949 0.98
-1.4645 3.5355 9.2388 0.5625 0.875 -0.0388 0.1949 0.98
0 0 10 0.5 1 -0.0388 0.1949 0.98
-1.4645 3.5355 9.2388 0.5625 0.875 -0.1104 0.1653 0.98
-2.706 2.706 9.2388 0.625 0.875 -0.1104 0.1653 0.98
0 0 10 0.5625 1 -0.1104 0.1653 0.98
-2.706 2.706 9.2388 0.625 0.875 -0.1653 0.1104 0.98
-3.5355 1.4645 9.2388 0.6875 0.875 -0.1653 0.1104 0.98
0 0 10 0.625 1 -0.1653 0.1104 0.98
-3.5355 1.4645 9.2388 0.6875 0.875 -0.1949 0.0388 0.98
-3.8268 -0 9.2388 0.75 0.875 -0.1949 0.0388 0.98
0 0 10 0.6875 1 -0.1949 0.0388 0.98
-3.8268 -0 9.2388 0.75 0.875 -0.1949 -0.0388 0.98
-3.5355 -1.4645 9.2388 0.8125 0.875 -0.1949 -0.0388 0.98
0 0 10 0.75 1 -0.1949 -0.0388 0.98
-3.5355 -1.4645 9.2388 0.8125 0.875 -0.1653 -0.1104 0.98
-2.706 -2.706 9.2388 0.875 0.875 -0.1653 -0.1104 0.98
0 0 10 0.8125 1 -0.1653 -0.1104 0.98
-2.706 -2.706 9.2388 0.875 0.875 -0.1104 -0.1653 0.98
-1.4645 -3.5355 9.2388 0.9375 0.875 -0.1104 -0.1653 0.98
0 0 10 0.875 1 -0.1104 -0.1653 0.98
-1.4645 -3.5355 9.2388 0.9375 0.875 -0.0388 -0.1949 0.98
0 -3.8268 9.2388 1 0.875 -0.0388 -0.1949 0.98
0 0 10 0.9375 1 -0.0388 -0.1949 0.98
