Vertex Count: 180

Data:

2.21281 1.15033 2.23041 0.4 0.6875 0.005105 -0.859861 0.510503
0.033757 0 0.314657 0.5 0.31156 0.005105 -0.859861 0.510503
7.88956 1.15033 2.17365 0.375 0.6875 0.005105 -0.859861 0.510503
0.068023 1.15033 7.9235 0.425 0.6875 0.365127 -0.920739 0.137556
0.033757 0 0.314657 0.5 0.31156 0.365127 -0.920739 0.137556
2.21281 1.15033 2.23041 0.4 0.6875 0.365127 -0.920739 0.137556
-2.15131 1.15033 2.25486 0.45 0.6875 -0.360232 -0.92214 0.141034
0.033757 0 0.314657 0.5 0.31156 -0.360232 -0.92214 0.141034
0.068023 1.15033 7.9235 0.425 0.6875 -0.360232 -0.92214 0.141034
-7.81741 1.15033 2.26156 0.475 0.6875 0.000604 -0.85988 0.510496
0.033757 0 0.314657 0.5 0.31156 0.000604 -0.85988 0.510496
-2.15131 1.15033 2.25486 0.45 0.6875 0.000604 -0.85988 0.510496
-3.52313 1.15033 -1.88812 0.5 0.6875 -0.189615 -0.962051 -0.196222
0.033757 0 0.314657 0.5 0.31156 -0.189615 -0.962051 -0.196222
-7.81741 1.15033 2.26156 0.475 0.6875 -0.189615 -0.962051 -0.196222
-4.86932 1.15033 -6.98755 0.525 0.6875 -0.35898 -0.928522 0.094766
0.033757 0 0.314657 0.5 0.31156 -0.35898 -0.928522 0.094766
-3.52313 1.15033 -1.88812 0.5 0.6875 -0.35898 -0.928522 0.094766
-0.006854 1.15033 -4.47305 0.55 0.6875 0.12043 -0.965019 -0.232884
0.033757 0 0.314657 0.5 0.31156 0.12043 -0.965019 -0.232884
-4.86932 1.15033 -6.98755 0.525 0.6875 0.12043 -0.965019 -0.232884
4.83813 1.15033 -7.04188 0.575 0.6875 -0.122414 -0.965251 -0.23088
0.033757 0 0.314657 0.5 0.31156 -0.122414 -0.965251 -0.23088
-0.006854 1.15033 -4.47305 0.55 0.6875 -0.122414 -0.965251 -0.23088
3.53815 1.15033 -1.92765 0.6 0.6875 0.363409 -0.927039 0.092374
0.033757 0 0.314657 0.5 0.31156 0.363409 -0.927039 0.092374
4.83813 1.15033 -7.04188 0.575 0.6875 0.363409 -0.927039 0.092374
7.88956 1.15033 2.17365 0.625 0.6875 0.188029 -0.961689 -0.199495
0.033757 0 0.314657 0.5 0.31156 0.188029 -0.961689 -0.199495
3.53815 1.15033 -1.92765 0.6 0.6875 0.188029 -0.961689 -0.199495
3.53815 1.15033 -1.92765 0.65625 0.84375 0.183421 0.963579 -0.194606
0.035668 2.26953 0.312831 0.5 0.84375 0.183421 0.963579 -0.194606
7.88956 1.15033 2.17365 0.626409 0.935591 0.183421 0.963579 -0.194606
4.83813 1.15033 -7.04188 0.626409 0.751909 0.355062 0.930476 0.090252
0.035668 2.26953 0.312831 0.5 0.84375 0.355062 0.930476 0.090252
3.53815 1.15033 -1.92765 0.65625 0.84375 0.355062 0.930476 0.090252
-0.006854 1.15033 -4.47305 0.548284 0.695147 -0.119338 0.967005 -0.225079
0.035668 2.26953 0.312831 0.5 0.84375 -0.119338 0.967005 -0.225079
4.83813 1.15033 -7.04188 0.626409 0.751909 -0.119338 0.967005 -0.225079
-4.86932 1.15033 -6.98755 0.451716 0.695147 0.117452 0.966757 -0.227125
0.035668 2.26953 0.312831 0.5 0.84375 0.117452 0.966757 -0.227125
-0.006854 1.15033 -4.47305 0.548284 0.695147 0.117452 0.966757 -0.227125
-3.52313 1.15033 -1.88812 0.373591 0.751909 -0.350315 0.932055 0.092478
0.035668 2.26953 0.312831 0.5 0.84375 -0.350315 0.932055 0.092478
-4.86932 1.15033 -6.98755 0.451716 0.695147 -0.350315 0.932055 0.092478
-7.81741 1.15033 2.26156 0.34375 0.84375 -0.184852 0.963969 -0.191293
0.035668 2.26953 0.312831 0.5 0.84375 -0.184852 0.963969 -0.191293
-3.52313 1.15033 -1.88812 0.373591 0.751909 -0.184852 0.963969 -0.191293
-2.15131 1.15033 2.25486 0.373591 0.935591 0.000591 0.866128 0.499821
0.035668 2.26953 0.312831 0.5 0.84375 0.000591 0.866128 0.499821
-7.81741 1.15033 2.26156 0.34375 0.84375 0.000591 0.866128 0.499821
0.068023 1.15033 7.9235 0.451716 0.992353 -0.351624 0.925964 0.137664
0.035668 2.26953 0.312831 0.5 0.84375 -0.351624 0.925964 0.137664
-2.15131 1.15033 2.25486 0.373591 0.935591 -0.351624 0.925964 0.137664
2.21281 1.15033 2.23041 0.548284 0.992353 0.356828 0.924447 0.13443
0.035668 2.26953 0.312831 0.5 0.84375 0.356828 0.924447 0.13443
0.068023 1.15033 7.9235 0.451716 0.992353 0.356828 0.924447 0.13443
7.88956 1.15033 2.17365 0.626409 0.935591 0.004998 0.866108 0.499832
0.035668 2.26953 0.312831 0.5 0.84375 0.004998 0.866108 0.499832
2.21281 1.15033 2.23041 0.548284 0.992353 0.004998 0.866108 0.499832
2.21281 1.15033 2.23041 0.4 0.6875 0.005105 -0.859861 0.510503
0.033757 0 0.314657 0.5 0.31156 0.005105 -0.859861 0.510503
7.88956 1.15033 2.17365 0.375 0.6875 0.005105 -0.859861 0.510503
0.068023 1.15033 7.9235 0.425 0.6875 0.365127 -0.920739 0.137556
0.033757 0 0.314657 0.5 0.31156 0.365127 -0.920739 0.137556
2.21281 1.15033 2.23041 0.4 0.6875 0.365127 -0.920739 0.137556
-2.15131 1.15033 2.25486 0.45 0.6875 -0.360232 -0.92214 0.141034
0.033757 0 0.314657 0.5 0.31156 -0.360232 -0.92214 0.141034
0.068023 1.15033 7.9235 0.425 0.6875 -0.360232 -0.92214 0.141034
-7.81741 1.15033 2.26156 0.475 0.6875 0.000604 -0.85988 0.510496
0.033757 0 0.314657 0.5 0.31156 0.000604 -0.85988 0.510496
-2.15131 1.15033 2.25486 0.45 0.6875 0.000604 -0.85988 0.510496
-3.52313 1.15033 -1.88812 0.5 0.6875 -0.189615 -0.962051 -0.196222
0.033757 0 0.314657 0.5 0.31156 -0.189615 -0.962051 -0.196222
-7.81741 1.15033 2.26156 0.475 0.6875 -0.189615 -0.962051 -0.196222
-4.86932 1.15033 -6.98755 0.525 0.6875 -0.35898 -0.928522 0.094766
0.033757 0 0.314657 0.5 0.31156 -0.35898 -0.928522 0.094766
-3.52313 1.15033 -1.88812 0.5 0.6875 -0.35898 -0.928522 0.094766
-0.006854 1.15033 -4.47305 0.55 0.6875 0.12043 -0.965019 -0.232884
0.033757 0 0.314657 0.5 0.31156 0.12043 -0.965019 -0.232884
-4.86932 1.15033 -6.98755 0.525 0.6875 0.12043 -0.965019 -0.232884
4.83813 1.15033 -7.04188 0.575 0.6875 -0.122414 -0.965251 -0.23088
0.033757 0 0.314657 0.5 0.31156 -0.122414 -0.965251 -0.23088
-0.006854 1.15033 -4.47305 0.55 0.6875 -0.122414 -0.965251 -0.23088
3.53815 1.15033 -1.92765 0.6 0.6875 0.363409 -0.927039 0.092374
0.033757 0 0.314657 0.5 0.31156 0.363409 -0.927039 0.092374
4.83813 1.15033 -7.04188 0.575 0.6875 0.363409 -0.927039 0.092374
7.88956 1.15033 2.17365 0.625 0.6875 0.188029 -0.961689 -0.199495
0.033757 0 0.314657 0.5 0.31156 0.188029 -0.961689 -0.199495
3.53815 1.15033 -1.92765 0.6 0.6875 0.188029 -0.961689 -0.199495
3.53815 1.15033 -1.92765 0.65625 0.84375 0.183421 0.963579 -0.194606
0.035668 2.26953 0.312831 0.5 0.84375 0.183421 0.963579 -0.194606
7.88956 1.15033 2.17365 0.626409 0.935591 0.183421 0.963579 -0.194606
4.83813 1.15033 -7.04188 0.626409 0.751909 0.355062 0.930476 0.090252
0.035668 2.26953 0.312831 0.5 0.84375 0.355062 0.930476 0.090252
3.53815 1.15033 -1.92765 0.65625 0.84375 0.355062 0.930476 0.090252
-0.006854 1.15033 -4.47305 0.548284 0.695147 -0.119338 0.967005 -0.225079
0.035668 2.26953 0.312831 0.5 0.84375 -0.119338 0.967005 -0.225079
4.83813 1.15033 -7.04188 0.626409 0.751909 -0.119338 0.967005 -0.225079
-4.86932 1.15033 -6.98755 0.451716 0.695147 0.117452 0.966757 -0.227125
0.035668 2.26953 0.312831 0.5 0.84375 0.117452 0.966757 -0.227125
-0.006854 1.15033 -4.47305 0.548284 0.695147 0.117452 0.966757 -0.227125
-3.52313 1.15033 -1.88812 0.373591 0.751909 -0.350315 0.932055 0.092478
0.035668 2.26953 0.312831 0.5 0.84375 -0.350315 0.932055 0.092478
-4.86932 1.15033 -6.98755 0.451716 0.695147 -0.350315 0.932055 0.092478
-7.81741 1.15033 2.26156 0.34375 0.84375 -0.184852 0.963969 -0.191293
0.035668 2.26953 0.312831 0.5 0.84375 -0.184852 0.963969 -0.191293
-3.52313 1.15033 -1.88812 0.373591 0.751909 -0.184852 0.963969 -0.191293
-2.15131 1.15033 2.25486 0.373591 0.935591 0.000591 0.866128 0.499821
0.035668 2.26953 0.312831 0.5 0.84375 0.000591 0.866128 0.499821
-7.81741 1.15033 2.26156 0.34375 0.84375 0.000591 0.866128 0.499821
0.068023 1.15033 7.9235 0.451716 0.992353 -0.351624 0.925964 0.137664
0.035668 2.26953 0.312831 0.5 0.84375 -0.351624 0.925964 0.137664
-2.15131 1.15033 2.25486 0.373591 0.935591 -0.351624 0.925964 0.137664
2.21281 1.15033 2.23041 0.548284 0.992353 0.356828 0.924447 0.13443
0.035668 2.26953 0.312831 0.5 0.84375 0.356828 0.924447 0.13443
0.068023 1.15033 7.9235 0.451716 0.992353 0.356828 0.924447 0.13443
7.88956 1.15033 2.17365 0.626409 0.935591 0.004998 0.866108 0.499832
0.035668 2.26953 0.312831 0.5 0.84375 0.004998 0.866108 0.499832
2.21281 1.15033 2.23041 0.548284 0.992353 0.004998 0.866108 0.499832
2.21281 1.15033 2.23041 0.4 0.6875 0.005105 -0.859861 0.510503
0.033757 0 0.314657 0.5 0.31156 0.005105 -0.859861 0.510503
7.88956 1.15033 2.17365 0.375 0.6875 0.005105 -0.859861 0.510503
0.068023 1.15033 7.9235 0.425 0.6875 0.365127 -0.920739 0.137556
0.033757 0 0.314657 0.5 0.31156 0.365127 -0.920739 0.137556
2.21281 1.15033 2.23041 0.4 0.6875 0.365127 -0.920739 0.137556
-2.15131 1.15033 2.25486 0.45 0.6875 -0.360232 -0.92214 0.141034
0.033757 0 0.314657 0.5 0.31156 -0.360232 -0.92214 0.141034
0.068023 1.15033 7.9235 0.425 0.6875 -0.360232 -0.92214 0.141034
-7.81741 1.15033 2.26156 0.475 0.6875 0.000604 -0.85988 0.510496
0.033757 0 0.314657 0.5 0.31156 0.000604 -0.85988 0.510496
-2.15131 1.15033 2.25486 0.45 0.6875 0.000604 -0.85988 0.510496
-3.52313 1.15033 -1.88812 0.5 0.6875 -0.189615 -0.962051 -0.196222
0.033757 0 0.314657 0.5 0.31156 -0.189615 -0.962051 -0.196222
-7.81741 1.15033 2.26156 0.475 0.6875 -0.189615 -0.962051 -0.196222
-4.86932 1.15033 -6.98755 0.525 0.6875 -0.35898 -0.928522 0.094766
0.033757 0 0.314657 0.5 0.31156 -0.35898 -0.928522 0.094766
-3.52313 1.15033 -1.88812 0.5 0.6875 -0.35898 -0.928522 0.094766
-0.006854 1.15033 -4.47305 0.55 0.6875 0.12043 -0.965019 -0.232884
0.033757 0 0.314657 0.5 0.31156 0.12043 -0.965019 -0.232884
-4.86932 1.15033 -6.98755 0.525 0.6875 0.12043 -0.965019 -0.232884
4.83813 1.15033 -7.04188 0.575 0.6875 -0.122414 -0.965251 -0.23088
0.033757 0 0.314657 0.5 0.31156 -0.122414 -0.965251 -0.23088
-0.006854 1.15033 -4.47305 0.55 0.6875 -0.122414 -0.965251 -0.23088
3.53815 1.15033 -1.92765 0.6 0.6875 0.363409 -0.927039 0.092374
0.033757 0 0.314657 0.5 0.31156 0.363409 -0.927039 0.092374
4.83813 1.15033 -7.04188 0.575 0.6875 0.363409 -0.927039 0.092374
7.88956 1.15033 2.17365 0.625 0.6875 0.188029 -0.961689 -0.199495
0.033757 0 0.314657 0.5 0.31156 0.188029 -0.961689 -0.199495
3.53815 1.15033 -1.92765 0.6 0.6875 0.188029 -0.961689 -0.199495
3.53815 1.15033 -1.92765 0.65625 0.84375 0.183421 0.963579 -0.194606
0.035668 2.26953 0.312831 0.5 0.84375 0.183421 0.963579 -0.194606
7.88956 1.15033 2.17365 0.626409 0.935591 0.183421 0.963579 -0.194606
4.83813 1.15033 -7.04188 0.626409 0.751909 0.355062 0.930476 0.090252
0.035668 2.26953 0.312831 0.5 0.84375 0.355062 0.930476 0.090252
3.53815 1.15033 -1.92765 0.65625 0.84375 0.355062 0.930476 0.090252
-0.006854 1.15033 -4.47305 0.548284 0.695147 -0.119338 0.967005 -0.225079
0.035668 2.26953 0.312831 0.5 0.84375 -0.119338 0.967005 -0.225079
4.83813 1.15033 -7.04188 0.626409 0.751909 -0.119338 0.967005 -0.225079
-4.86932 1.15033 -6.98755 0.451716 0.695147 0.117452 0.966757 -0.227125
0.035668 2.26953 0.312831 0.5 0.84375 0.117452 0.966757 -0.227125
-0.006854 1.15033 -4.47305 0.548284 0.695147 0.117452 0.966757 -0.227125
-3.52313 1.15033 -1.88812 0.373591 0.751909 -0.350315 0.932055 0.092478
0.035668 2.26953 0.312831 0.5 0.84375 -0.350315 0.932055 0.092478
-4.86932 1.15033 -6.98755 0.451716 0.695147 -0.350315 0.932055 0.092478
-7.81741 1.15033 2.26156 0.34375 0.84375 -0.184852 0.963969 -0.191293
0.035668 2.26953 0.312831 0.5 0.84375 -0.184852 0.963969 -0.191293
-3.52313 1.15033 -1.88812 0.373591 0.751909 -0.184852 0.963969 -0.191293
-2.15131 1.15033 2.25486 0.373591 0.935591 0.000591 0.866128 0.499821
0.035668 2.26953 0.312831 0.5 0.84375 0.000591 0.866128 0.499821
-7.81741 1.15033 2.26156 0.34375 0.84375 0.000591 0.866128 0.499821
0.068023 1.15033 7.9235 0.451716 0.992353 -0.351624 0.925964 0.137664
0.035668 2.26953 0.312831 0.5 0.84375 -0.351624 0.925964 0.137664
-2.15131 1.15033 2.25486 0.373591 0.935591 -0.351624 0.925964 0.137664
2.21281 1.15033 2.23041 0.548284 0.992353 0.356828 0.924447 0.13443
0.035668 2.26953 0.312831 0.5 0.84375 0.356828 0.924447 0.13443
0.068023 1.15033 7.9235 0.451716 0.992353 0.356828 0.924447 0.13443
7.88956 1.15033 2.17365 0.626409 0.935591 0.004998 0.866108 0.499832
0.035668 2.26953 0.312831 0.5 0.84375 0.004998 0.866108 0.499832
2.21281 1.15033 2.23041 0.548284 0.992353 0.004998 0.866108 0.499832
